4.426695813890546560e-04 9.596669697202742100e-04 5.982369766570627689e-04 5.535573139786720276e-02 7.133140414953231812e-02 9.959154725074768066e-01 -2.272263318300247192e-01 9.721723794937133789e-01 -5.700096487998962402e-02 -9.722674489021301270e-01 -2.231428772211074829e-01 7.002368569374084473e-02 -2.717528939247131348e-01 2.505374848842620850e-01 -3.033213913440704346e-01 -6.942024230957031250e-01 5.441867113113403320e-01 -5.387156605720520020e-01
4.738515126518905163e-04 5.012134788557887077e-04 -1.537229516543447971e-03 3.729815408587455750e-02 5.048926547169685364e-02 9.980279207229614258e-01 -2.428180575370788574e-01 9.692485332489013672e-01 -3.995878621935844421e-02 -9.693545699119567871e-01 -2.408488094806671143e-01 4.841088503599166870e-02 -2.510638236999511719e-01 2.611247599124908447e-01 -3.025832772254943848e-01 -6.908291578292846680e-01 5.426332354545593262e-01 -5.367741584777832031e-01
8.836529450491070747e-04 3.416329156607389450e-03 -9.626342944102361798e-05 2.002466097474098206e-02 2.946492843329906464e-02 9.993652105331420898e-01 -2.586201429367065430e-01 9.656983017921447754e-01 -2.329023554921150208e-02 -9.657714962959289551e-01 -2.579896152019500732e-01 2.695800550282001495e-02 -2.357998937368392944e-01 2.645458877086639404e-01 -3.002927601337432861e-01 -6.842541098594665527e-01 5.320506691932678223e-01 -5.378339886665344238e-01
5.223381449468433857e-04 1.023585675284266472e-03 -1.834008726291358471e-03 3.899858798831701279e-03 8.394493721425533295e-03 9.999571442604064941e-01 -2.744666934013366699e-01 9.615710973739624023e-01 -7.001821883022785187e-03 -9.615886807441711426e-01 -2.744276225566864014e-01 6.054000463336706161e-03 -2.214392721652984619e-01 2.710030078887939453e-01 -2.967178821563720703e-01 -6.758139133453369141e-01 5.036922097206115723e-01 -5.305607914924621582e-01
-6.825613672845065594e-04 3.734046826139092445e-03 -1.570277498103678226e-03 -1.085424330085515976e-02 -1.245680171996355057e-02 9.998635053634643555e-01 -2.900958955287933350e-01 9.569573998451232910e-01 8.773054927587509155e-03 -9.569360017776489258e-01 -2.899610698223114014e-01 -1.400071568787097931e-02 -2.067969739437103271e-01 2.797273397445678711e-01 -2.890996336936950684e-01 -6.655926704406738281e-01 4.675418734550476074e-01 -5.171024203300476074e-01
-1.991329481825232506e-03 4.770186264067888260e-03 -3.207831177860498428e-03 -2.412688173353672028e-02 -3.274492174386978149e-02 9.991725087165832520e-01 -3.051976561546325684e-01 9.519908428192138672e-01 2.382911555469036102e-02 -9.519833326339721680e-01 -3.043701946735382080e-01 -3.296224400401115417e-02 -1.901425570249557495e-01 2.854580581188201904e-01 -2.809975743293762207e-01 -6.385502815246582031e-01 4.348434507846832275e-01 -4.975742101669311523e-01
-1.716602710075676441e-03 4.276736639440059662e-03 -3.880913369357585907e-03 -3.589461743831634521e-02 -5.208184197545051575e-02 9.979975223541259766e-01 -3.194466233253479004e-01 9.468451142311096191e-01 3.792296350002288818e-02 -9.469242095947265625e-01 -3.174457252025604248e-01 -5.062400922179222107e-02 -1.786051690578460693e-01 2.917319834232330322e-01 -2.721659541130065918e-01 -6.020593643188476562e-01 3.939997255802154541e-01 -4.647358953952789307e-01
-3.203882137313485146e-03 6.289198528975248337e-03 -5.079333204776048660e-03 -4.620203003287315369e-02 -7.006174325942993164e-02 9.964721202850341797e-01 -3.325242698192596436e-01 9.417257905006408691e-01 5.079485103487968445e-02 -9.419623017311096191e-01 -3.290043175220489502e-01 -6.680686771869659424e-02 -1.630138158798217773e-01 2.998468279838562012e-01 -2.575440406799316406e-01 -5.574496984481811523e-01 3.539847731590270996e-01 -4.245533049106597900e-01
-3.395282663404941559e-03 6.067194510251283646e-03 -5.342111457139253616e-03 -5.514366924762725830e-02 -8.628010004758834839e-02 9.947436451911926270e-01 -3.441323637962341309e-01 9.368597865104675293e-01 6.218248978257179260e-02 -9.373004436492919922e-01 -3.388945162296295166e-01 -8.135366439819335938e-02 -1.485456675291061401e-01 3.048630654811859131e-01 -2.442315667867660522e-01 -5.006489157676696777e-01 3.160207569599151611e-01 -3.731039464473724365e-01
-5.059428513050079346e-03 7.287045009434223175e-03 -5.035475827753543854e-03 -6.284716725349426270e-02 -1.003473848104476929e-01 9.929655790328979492e-01 -3.539997339248657227e-01 9.324830770492553711e-01 7.182963937520980835e-02 -9.331315159797668457e-01 -3.469952642917633057e-01 -9.412686526775360107e-02 -1.362466067075729370e-01 3.146280050277709961e-01 -2.279202342033386230e-01 -4.301779270172119141e-01 2.784870564937591553e-01 -3.182508349418640137e-01
-4.620088264346122742e-03 8.982984349131584167e-03 -5.218522623181343079e-03 -6.945757567882537842e-02 -1.118981912732124329e-01 9.912892580032348633e-01 -3.618835210800170898e-01 9.288280010223388672e-01 7.949104905128479004e-02 -9.296321868896484375e-01 -3.532100021839141846e-01 -1.050082519650459290e-01 -1.189700141549110413e-01 3.197657167911529541e-01 -2.114216089248657227e-01 -3.531985282897949219e-01 2.405663728713989258e-01 -2.505965828895568848e-01
-3.183666151016950607e-03 8.030341938138008118e-03 -7.306992541998624802e-03 -7.512249797582626343e-02 -1.205968111753463745e-01 9.898550510406494141e-01 -3.675679564476013184e-01 9.261100888252258301e-01 8.493495732545852661e-02 -9.269576072692871094e-01 -3.574584722518920898e-01 -1.138992235064506531e-01 -1.039889007806777954e-01 3.286527693271636963e-01 -1.956441700458526611e-01 -2.670074105262756348e-01 2.035860270261764526e-01 -1.771776527166366577e-01
-3.737249644473195076e-03 1.027798093855381012e-02 -6.664580665528774261e-03 -7.995711266994476318e-02 -1.261543184518814087e-01 9.887830615043640137e-01 -3.708637952804565430e-01 9.245119094848632812e-01 8.796466141939163208e-02 -9.252388477325439453e-01 -3.596704304218292236e-01 -1.207073628902435303e-01 -9.145303815603256226e-02 3.309969305992126465e-01 -1.804994791746139526e-01 -1.744718104600906372e-01 1.647810190916061401e-01 -9.206365048885345459e-02
-4.719993099570274353e-03 1.019130460917949677e-02 -8.046755567193031311e-03 -8.359018713235855103e-02 -1.285966634750366211e-01 9.881677627563476562e-01 -3.717079460620880127e-01 9.240915179252624512e-01 8.881483227014541626e-02 -9.245787858963012695e-01 -3.598857820034027100e-01 -1.250453889369964600e-01 -7.187955081462860107e-02 3.371309936046600342e-01 -1.589073836803436279e-01 -7.562486827373504639e-02 1.223901212215423584e-01 -1.986161619424819946e-02
-5.187232512980699539e-03 1.123044174164533615e-02 -8.299478329718112946e-03 -8.438958227634429932e-02 -1.287318915128707886e-01 9.880822300910949707e-01 -3.703348338603973389e-01 9.246405363082885742e-01 8.883706480264663696e-02 -9.250570535659790039e-01 -3.584243357181549072e-01 -1.257039308547973633e-01 -5.731854587793350220e-02 3.403945267200469971e-01 -1.441032141447067261e-01 -9.114544838666915894e-03 2.025812678039073944e-02 4.886191710829734802e-02
-5.619793199002742767e-03 1.193540543317794800e-02 -8.184658363461494446e-03 -8.093372732400894165e-02 -1.272261440753936768e-01 9.885662794113159180e-01 -3.669928312301635742e-01 9.259447455406188965e-01 8.912127465009689331e-02 -9.266963005065917969e-01 -3.555838167667388916e-01 -1.216312423348426819e-01 -4.361918941140174866e-02 3.482004106044769287e-01 -1.248865574598312378e-01 4.189805313944816589e-02 -1.251323819160461426e-01 1.033663675189018250e-01
-5.971159785985946655e-03 1.324670854955911636e-02 -8.792801760137081146e-03 -7.249563932418823242e-02 -1.240707784891128540e-01 9.896215796470642090e-01 -3.622446358203887939e-01 9.277493953704833984e-01 8.977717906236648560e-02 -9.292594790458679199e-01 -3.519766330718994141e-01 -1.122017502784729004e-01 -2.291938103735446930e-02 3.564032018184661865e-01 -1.111619099974632263e-01 9.236233681440353394e-02 -2.879996299743652344e-01 1.351505517959594727e-01
-4.314178600907325745e-03 1.494223065674304962e-02 -9.285106323659420013e-03 -5.893248692154884338e-02 -1.186831146478652954e-01 9.911817312240600586e-01 -3.569362163543701172e-01 9.297726154327392578e-01 9.010776877403259277e-02 -9.322679638862609863e-01 -3.484783768653869629e-01 -9.715611487627029419e-02 -1.059577800333499908e-02 3.600281774997711182e-01 -1.003979817032814026e-01 1.650520712137222290e-01 -4.498468041419982910e-01 1.381037682294845581e-01
-5.412537604570388794e-03 1.452041417360305786e-02 -9.982447139918804169e-03 -4.016697034239768982e-02 -1.105290874838829041e-01 9.930608868598937988e-01 -3.517826795578002930e-01 9.317950606346130371e-01 8.948133140802383423e-02 -9.352195262908935547e-01 -3.457474112510681152e-01 -7.630959898233413696e-02 4.508132580667734146e-03 3.641865253448486328e-01 -9.004984050989151001e-02 2.538167536258697510e-01 -6.118366718292236328e-01 1.173731982707977295e-01
-4.206993617117404938e-03 1.566785946488380432e-02 -7.932175882160663605e-03 -1.614707708358764648e-02 -9.915462136268615723e-02 9.949409961700439453e-01 -3.473722934722900391e-01 9.336445927619934082e-01 8.740832656621932983e-02 -9.375882744789123535e-01 -3.442035615444183350e-01 -4.951919987797737122e-02 1.995119266211986542e-02 3.675016164779663086e-01 -8.817709237337112427e-02 3.626322150230407715e-01 -7.773600220680236816e-01 7.819461822509765625e-02
-5.451431497931480408e-03 1.661937125027179718e-02 -9.691618382930755615e-03 1.298836059868335724e-02 -8.426479250192642212e-02 9.963587522506713867e-01 -3.442614376544952393e-01 9.351466298103332520e-01 8.357564359903335571e-02 -9.387840032577514648e-01 -3.440934121608734131e-01 -1.686309836804866791e-02 2.942486479878425598e-02 3.726747035980224609e-01 -8.385712653398513794e-02 4.755638241767883301e-01 -9.315949082374572754e-01 1.859746128320693970e-02
-6.479354575276374817e-03 1.645495928823947906e-02 -7.735778577625751495e-03 4.645389318466186523e-02 -6.570990383625030518e-02 9.967568516731262207e-01 -3.429261744022369385e-01 9.361436367034912109e-01 7.769614458084106445e-02 -9.382129907608032227e-01 -3.454233109951019287e-01 2.095387130975723267e-02 3.946437314152717590e-02 3.784739971160888672e-01 -7.922939211130142212e-02 5.913194417953491211e-01 -1.060014486312866211e+00 -4.627478122711181641e-02
-5.768136121332645416e-03 1.847961731255054474e-02 -9.172065183520317078e-03 8.198190480470657349e-02 -4.406310245394706726e-02 9.956592917442321777e-01 -3.433321416378021240e-01 9.366227388381958008e-01 6.972016394138336182e-02 -9.356291890144348145e-01 -3.475576341152191162e-01 6.165783107280731201e-02 5.938867107033729553e-02 3.815078437328338623e-01 -8.539184927940368652e-02 6.854231953620910645e-01 -1.128671050071716309e+00 -1.043865755200386047e-01
-6.332593038678169250e-03 1.784311607480049133e-02 -9.316947311162948608e-03 1.171275451779365540e-01 -2.001003175973892212e-02 9.929152727127075195e-01 -3.453498184680938721e-01 9.365787506103515625e-01 5.961329117417335510e-02 -9.311361908912658691e-01 -3.498854637145996094e-01 1.027887091040611267e-01 6.892346590757369995e-02 3.827809989452362061e-01 -8.727036416530609131e-02 7.537970542907714844e-01 -1.116938591003417969e+00 -1.474176645278930664e-01
-7.030090782791376114e-03 1.915840245783329010e-02 -1.173189468681812286e-02 1.497002989053726196e-01 5.871948786079883575e-03 9.887139797210693359e-01 -3.488611876964569092e-01 9.359819293022155762e-01 4.726198315620422363e-02 -9.251409173011779785e-01 -3.519990444183349609e-01 1.421652734279632568e-01 7.552247494459152222e-02 3.881877362728118896e-01 -9.371708333492279053e-02 8.068799972534179688e-01 -1.046031594276428223e+00 -1.794402450323104858e-01
-4.578508902341127396e-03 1.988244429230690002e-02 -1.260770112276077271e-02 1.778256297111511230e-01 3.308706730604171753e-02 9.835056066513061523e-01 -3.537240624427795410e-01 9.347847104072570801e-01 3.250811994075775146e-02 -9.182904362678527832e-01 -3.536703884601593018e-01 1.779323816299438477e-01 8.567412942647933960e-02 3.870191276073455811e-01 -1.028617769479751587e-01 8.447864651679992676e-01 -9.119448661804199219e-01 -2.058158963918685913e-01
-5.396071355789899826e-03 1.965402811765670776e-02 -1.222713477909564972e-02 2.001684457063674927e-01 6.103924661874771118e-02 9.778582453727722168e-01 -3.597260713577270508e-01 9.329308271408081055e-01 1.540142763406038284e-02 -9.113340377807617188e-01 -3.548440039157867432e-01 2.087007164955139160e-01 9.955012798309326172e-02 3.939410746097564697e-01 -1.096106544137001038e-01 8.626779317855834961e-01 -7.351058125495910645e-01 -2.273251861333847046e-01
-6.987108848989009857e-03 2.236018888652324677e-02 -1.220100931823253632e-02 2.169698476791381836e-01 8.846076577901840210e-02 9.721618890762329102e-01 -3.667675554752349854e-01 9.303084015846252441e-01 -2.796134678646922112e-03 -9.046577811241149902e-01 -3.559507727622985840e-01 2.342934161424636841e-01 1.037736088037490845e-01 4.003262221813201904e-01 -1.166010275483131409e-01 8.461916446685791016e-01 -5.640013217926025391e-01 -2.442279607057571411e-01
-6.572684738785028458e-03 2.114111185073852539e-02 -1.450352650135755539e-02 2.294683903455734253e-01 1.145810112357139587e-01 9.665482044219970703e-01 -3.747713267803192139e-01 9.268815517425537109e-01 -2.090413309633731842e-02 -8.982709646224975586e-01 -3.574377298355102539e-01 2.556317150592803955e-01 1.168425679206848145e-01 4.020873606204986572e-01 -1.232970878481864929e-01 7.948997616767883301e-01 -4.388375282287597656e-01 -2.678588032722473145e-01
-7.114029955118894577e-03 2.455697581171989441e-02 -1.470426749438047409e-02 2.397982925176620483e-01 1.395170688629150391e-01 9.607454538345336914e-01 -3.834086656570434570e-01 9.227840304374694824e-01 -3.830711171030998230e-02 -8.919050097465515137e-01 -3.591721355915069580e-01 2.747740745544433594e-01 1.293016821146011353e-01 4.061750173568725586e-01 -1.299899369478225708e-01 7.529368400573730469e-01 -3.832599222660064697e-01 -2.874072790145874023e-01
-7.177707273513078690e-03 2.347924187779426575e-02 -1.598344743251800537e-02 2.498258501291275024e-01 1.633983999490737915e-01 9.544045329093933105e-01 -3.924688994884490967e-01 9.181516170501708984e-01 -5.445869639515876770e-02 -8.851865530014038086e-01 -3.609689176082611084e-01 2.935068011283874512e-01 1.354569494724273682e-01 4.088214635848999023e-01 -1.378004103899002075e-01 7.207379937171936035e-01 -3.797051608562469482e-01 -2.949796319007873535e-01
-8.154728449881076813e-03 2.395823784172534943e-02 -1.554142590612173080e-02 2.610742449760437012e-01 1.862893402576446533e-01 9.471728801727294922e-01 -4.018553197383880615e-01 9.131130576133728027e-01 -6.882496923208236694e-02 -8.776972889900207520e-01 -3.626580536365509033e-01 3.132516741752624512e-01 1.453379094600677490e-01 4.165831804275512695e-01 -1.476586908102035522e-01 6.887359619140625000e-01 -4.294612705707550049e-01 -2.969698607921600342e-01
-8.012205362319946289e-03 2.449795044958591461e-02 -1.702964678406715393e-02 2.747197747230529785e-01 2.081729769706726074e-01 9.387188553810119629e-01 -4.115569889545440674e-01 9.077889919281005859e-01 -8.087010681629180908e-02 -8.689935803413391113e-01 -3.641196787357330322e-01 3.350626230239868164e-01 1.577512621879577637e-01 4.166339039802551270e-01 -1.510573774576187134e-01 6.542402505874633789e-01 -5.218768715858459473e-01 -2.955468297004699707e-01
-7.216980215162038803e-03 2.640463225543498993e-02 -1.624378375709056854e-02 2.913961112499237061e-01 2.288280278444290161e-01 9.288304448127746582e-01 -4.216674566268920898e-01 9.022731781005859375e-01 -8.999826759099960327e-02 -8.586529493331909180e-01 -3.654324114322662354e-01 3.594082295894622803e-01 1.595167815685272217e-01 4.237064719200134277e-01 -1.593740433454513550e-01 6.117105484008789062e-01 -6.344444751739501953e-01 -2.953996956348419189e-01
-7.529157213866710663e-03 2.562940306961536407e-02 -1.963072456419467926e-02 3.110894560813903809e-01 2.478411644697189331e-01 9.174955487251281738e-01 -4.323283433914184570e-01 8.966321945190429688e-01 -9.561853110790252686e-02 -8.463542461395263672e-01 -3.669134378433227539e-01 3.860815763473510742e-01 1.662680357694625854e-01 4.265028834342956543e-01 -1.652963012456893921e-01 5.612767934799194336e-01 -7.536503672599792480e-01 -3.007248640060424805e-01
-9.413743391633033752e-03 2.696828916668891907e-02 -1.939762011170387268e-02 3.329737484455108643e-01 2.650574147701263428e-01 9.049160480499267578e-01 -4.434807598590850830e-01 8.909344673156738281e-01 -9.777848422527313232e-02 -8.321377635002136230e-01 -3.687551915645599365e-01 4.142056405544281006e-01 1.750075966119766235e-01 4.307851195335388184e-01 -1.738353967666625977e-01 4.923478066921234131e-01 -8.514360189437866211e-01 -3.045993745326995850e-01
-1.003080885857343674e-02 2.644293755292892456e-02 -1.885868608951568604e-02 3.554913997650146484e-01 2.810103297233581543e-01 8.914365172386169434e-01 -4.551996886730194092e-01 8.850386738777160645e-01 -9.746675938367843628e-02 -8.163449764251708984e-01 -3.711330294609069824e-01 4.425394535064697266e-01 1.784501373767852783e-01 4.363823235034942627e-01 -1.765578240156173706e-01 4.416529834270477295e-01 -8.960576653480529785e-01 -3.188893496990203857e-01
-9.395547211170196533e-03 2.732075378298759460e-02 -1.827324926853179932e-02 3.769865930080413818e-01 2.965778410434722900e-01 8.774523735046386719e-01 -4.676871597766876221e-01 8.786598443984985352e-01 -9.604992717504501343e-02 -7.994684576988220215e-01 -3.741636574268341064e-01 4.699486494064331055e-01 1.819636672735214233e-01 4.444876909255981445e-01 -1.859751045703887939e-01 4.118756055831909180e-01 -8.897799253463745117e-01 -3.563649654388427734e-01
-8.949307724833488464e-03 2.898941375315189362e-02 -2.014114521443843842e-02 3.960954248905181885e-01 3.125691711902618408e-01 8.633706569671630859e-01 -4.811120331287384033e-01 8.715187907218933105e-01 -9.479547291994094849e-02 -7.820739150047302246e-01 -3.778299689292907715e-01 4.955854117870330811e-01 1.834698766469955444e-01 4.468045830726623535e-01 -1.916836351156234741e-01 4.068415760993957520e-01 -8.374437093734741211e-01 -3.962006568908691406e-01
-9.083312004804611206e-03 2.875001914799213409e-02 -2.252789586782455444e-02 4.120018482208251953e-01 3.296018540859222412e-01 8.494805097579956055e-01 -4.954876601696014404e-01 8.634368777275085449e-01 -9.470325708389282227e-02 -7.646871805191040039e-01 -3.818891644477844238e-01 5.190512537956237793e-01 1.893811374902725220e-01 4.539676010608673096e-01 -1.978240907192230225e-01 4.245409965515136719e-01 -7.556577324867248535e-01 -4.432515799999237061e-01
-9.450654499232769012e-03 3.076054528355598450e-02 -2.069352380931377411e-02 4.249930977821350098e-01 3.481131792068481445e-01 8.355824947357177734e-01 -5.104588866233825684e-01 8.544861674308776855e-01 -9.635960310697555542e-02 -7.475377321243286133e-01 -3.855783343315124512e-01 5.408481359481811523e-01 1.925934553146362305e-01 4.597413539886474609e-01 -1.987473219633102417e-01 4.606020152568817139e-01 -6.849952340126037598e-01 -4.794722795486450195e-01
-1.060584187507629395e-02 3.058110922574996948e-02 -2.290660887956619263e-02 4.358620047569274902e-01 3.684245347976684570e-01 8.211501836776733398e-01 -5.255222916603088379e-01 8.448680043220520020e-01 -1.001216322183609009e-01 -7.306508421897888184e-01 -3.878935277462005615e-01 5.618611574172973633e-01 1.907941102981567383e-01 4.662898182868957520e-01 -2.068053483963012695e-01 5.266892910003662109e-01 -6.299054622650146484e-01 -4.931578040122985840e-01
-1.104388479143381119e-02 3.098627179861068726e-02 -2.362625859677791595e-02 4.452695250511169434e-01 3.906688988208770752e-01 8.056753873825073242e-01 -5.402386188507080078e-01 8.347822427749633789e-01 -1.062111184000968933e-01 -7.140569090843200684e-01 -3.879643678665161133e-01 5.827575325965881348e-01 1.927268654108047485e-01 4.702743589878082275e-01 -2.082239836454391479e-01 6.072048544883728027e-01 -5.915591716766357422e-01 -4.848495423793792725e-01
-1.121931429952383041e-02 3.149583935737609863e-02 -2.457268163561820984e-02 4.535900354385375977e-01 4.147650301456451416e-01 7.888130545616149902e-01 -5.542728304862976074e-01 8.243874311447143555e-01 -1.147476360201835632e-01 -6.978808641433715820e-01 -3.851692676544189453e-01 6.038269400596618652e-01 1.923010051250457764e-01 4.757247865200042725e-01 -2.155035585165023804e-01 7.036283612251281738e-01 -5.643004775047302246e-01 -4.638711810111999512e-01
-1.150705665349960327e-02 3.284705057740211487e-02 -2.717392891645431519e-02 4.605821073055267334e-01 4.402141869068145752e-01 7.707629799842834473e-01 -5.673907399177551270e-01 8.137924075126647949e-01 -1.257363706827163696e-01 -6.825920343399047852e-01 -3.794118762016296387e-01 6.245917081832885742e-01 1.929316818714141846e-01 4.783779978752136230e-01 -2.244114279747009277e-01 7.860550880432128906e-01 -5.190053582191467285e-01 -4.319464266300201416e-01
-1.156998239457607269e-02 3.306975960731506348e-02 -2.721045725047588348e-02 4.656160771846771240e-01 4.659197628498077393e-01 7.524097561836242676e-01 -5.791293382644653320e-01 8.032909035682678223e-01 -1.390428245067596436e-01 -6.691867113113403320e-01 -3.710019886493682861e-01 6.438529491424560547e-01 1.960011869668960571e-01 4.850987792015075684e-01 -2.332012951374053955e-01 8.392123579978942871e-01 -4.419281482696533203e-01 -3.863039612770080566e-01
-1.218800898641347885e-02 3.352865949273109436e-02 -2.991170063614845276e-02 4.690567553043365479e-01 4.901974797248840332e-01 7.346374392509460449e-01 -5.895330905914306641e-01 7.931535243988037109e-01 -1.528337299823760986e-01 -6.575990319252014160e-01 -3.614054322242736816e-01 6.610216498374938965e-01 2.023590803146362305e-01 4.809904396533966064e-01 -2.394106388092041016e-01 8.242670893669128418e-01 -3.693121373653411865e-01 -3.453811109066009521e-01
-1.311667822301387787e-02 3.431816026568412781e-02 -2.919090166687965393e-02 4.714170992374420166e-01 5.117876529693603516e-01 7.182195186614990234e-01 -5.988220572471618652e-01 7.836276292800903320e-01 -1.653477549552917480e-01 -6.474395990371704102e-01 -3.521379530429840088e-01 6.758852005004882812e-01 2.070046067237854004e-01 4.850240051746368408e-01 -2.463486790657043457e-01 7.465673089027404785e-01 -3.162262737751007080e-01 -3.146927952766418457e-01
-1.158854179084300995e-02 3.341229632496833801e-02 -3.044109418988227844e-02 4.732623398303985596e-01 5.301784276962280273e-01 7.035151720046997070e-01 -6.073926091194152832e-01 7.748160362243652344e-01 -1.753120571374893188e-01 -6.380414962768554688e-01 -3.443413376808166504e-01 6.887177228927612305e-01 2.118144482374191284e-01 4.895697832107543945e-01 -2.581763863563537598e-01 6.344279050827026367e-01 -2.923557460308074951e-01 -2.865033149719238281e-01
-1.079330500215291977e-02 3.506997227668762207e-02 -3.390245884656906128e-02 4.756484031677246094e-01 5.454760789871215820e-01 6.900829076766967773e-01 -6.155896782875061035e-01 7.668058872222900391e-01 -1.818188130855560303e-01 -6.283374428749084473e-01 -3.383260667324066162e-01 7.005194425582885742e-01 2.114650309085845947e-01 4.928126931190490723e-01 -2.612887918949127197e-01 5.205205678939819336e-01 -3.153208792209625244e-01 -2.660283744335174561e-01
-1.246988493949174881e-02 3.427324444055557251e-02 -3.272024169564247131e-02 4.796045720577239990e-01 5.581575036048889160e-01 6.770817041397094727e-01 -6.234170198440551758e-01 7.597565054893493652e-01 -1.847194433212280273e-01 -6.175197958946228027e-01 -3.335119485855102539e-01 7.123475670814514160e-01 2.184323668479919434e-01 4.963490068912506104e-01 -2.652749121189117432e-01 4.236113727092742920e-01 -3.756601214408874512e-01 -2.376056909561157227e-01
-1.155307795852422714e-02 3.647936135530471802e-02 -3.366141021251678467e-02 4.856154024600982666e-01 5.687849521636962891e-01 6.638233065605163574e-01 -6.305958032608032227e-01 7.538371682167053223e-01 -1.846036165952682495e-01 -6.054143905639648438e-01 -3.289578258991241455e-01 7.247483134269714355e-01 2.224423885345458984e-01 5.000509023666381836e-01 -2.720425426959991455e-01 3.648124635219573975e-01 -4.462230801582336426e-01 -1.921928375959396362e-01
-1.259879674762487411e-02 3.872814401984214783e-02 -3.529100492596626282e-02 4.938078820705413818e-01 5.777578353881835938e-01 6.498843431472778320e-01 -6.368758082389831543e-01 7.491550445556640625e-01 -1.820876151323318481e-01 -5.920667052268981934e-01 -3.239793479442596436e-01 7.378986477851867676e-01 2.281264066696166992e-01 5.022825002670288086e-01 -2.725864946842193604e-01 3.324945271015167236e-01 -5.163152217864990234e-01 -1.386949717998504639e-01
-1.231023203581571579e-02 3.804558143019676208e-02 -3.510961309075355530e-02 5.037233829498291016e-01 5.852687954902648926e-01 6.353921294212341309e-01 -6.420976519584655762e-01 7.457091212272644043e-01 -1.778439879417419434e-01 -5.779042840003967285e-01 -3.183996379375457764e-01 7.514308691024780273e-01 2.288536578416824341e-01 5.073380470275878906e-01 -2.780473530292510986e-01 3.051349520683288574e-01 -5.694240331649780273e-01 -8.458691090345382690e-02
-1.257234811782836914e-02 3.838236257433891296e-02 -3.591110184788703918e-02 5.145227313041687012e-01 5.916339159011840820e-01 6.206735372543334961e-01 -6.462290883064270020e-01 7.433153986930847168e-01 -1.728300303220748901e-01 -5.636082887649536133e-01 -3.121723234653472900e-01 7.647837400436401367e-01 2.342865467071533203e-01 5.074114203453063965e-01 -2.789742946624755859e-01 2.892054319381713867e-01 -5.837830901145935059e-01 -4.054728895425796509e-02
-1.263959147036075592e-02 3.970782086253166199e-02 -3.540158271789550781e-02 5.250874757766723633e-01 5.974841117858886719e-01 6.060494184494018555e-01 -6.494054198265075684e-01 7.415563464164733887e-01 -1.684244424104690552e-01 -5.500507354736328125e-01 -3.051342070102691650e-01 7.773913741111755371e-01 2.377204746007919312e-01 5.109969973564147949e-01 -2.796293795108795166e-01 2.950579226016998291e-01 -5.563608407974243164e-01 -8.995829150080680847e-03
-1.247596088796854019e-02 4.002568870782852173e-02 -3.908778727054595947e-02 5.345069169998168945e-01 6.032996773719787598e-01 5.918883681297302246e-01 -6.517555713653564453e-01 7.400876283645629883e-01 -1.657859086990356445e-01 -5.380678772926330566e-01 -2.971528172492980957e-01 7.887858748435974121e-01 2.440066188573837280e-01 5.104104280471801758e-01 -2.809996306896209717e-01 3.193923532962799072e-01 -4.918632805347442627e-01 7.866364903748035431e-03
-1.115870568901300430e-02 4.185457900166511536e-02 -3.788012266159057617e-02 5.423892736434936523e-01 6.090934276580810547e-01 5.786355137825012207e-01 -6.532565951347351074e-01 7.388486862182617188e-01 -1.654037982225418091e-01 -5.282704234123229980e-01 -2.882842123508453369e-01 7.986379265785217285e-01 2.466627061367034912e-01 5.151085257530212402e-01 -2.852315902709960938e-01 3.395849466323852539e-01 -4.006467163562774658e-01 2.698301337659358978e-02
-1.311983447521924973e-02 4.242386296391487122e-02 -3.918752446770668030e-02 5.485820174217224121e-01 6.147270798683166504e-01 5.667172074317932129e-01 -6.538463234901428223e-01 7.378652691841125488e-01 -1.674511134624481201e-01 -5.210976600646972656e-01 -2.786853015422821045e-01 8.067166209220886230e-01 2.543454468250274658e-01 5.163844227790832520e-01 -2.836911380290985107e-01 3.526859879493713379e-01 -2.991427183151245117e-01 4.136025905609130859e-02
-1.248197630047798157e-02 4.228342324495315552e-02 -4.169597476720809937e-02 5.532520413398742676e-01 6.199899315834045410e-01 5.563494563102722168e-01 -6.536673307418823242e-01 7.371154427528381348e-01 -1.714055091142654419e-01 -5.163634419441223145e-01 -2.688370048999786377e-01 8.130777478218078613e-01 2.598339021205902100e-01 5.162730813026428223e-01 -2.826854288578033447e-01 3.527950942516326904e-01 -2.020414471626281738e-01 5.801048874855041504e-02
-1.277544815093278885e-02 4.534405469894409180e-02 -4.334305226802825928e-02 5.572094321250915527e-01 6.246200799942016602e-01 5.471448302268981934e-01 -6.532254219055175781e-01 7.365254759788513184e-01 -1.755755543708801270e-01 -5.126541256904602051e-01 -2.595765292644500732e-01 8.184166550636291504e-01 2.706330120563507080e-01 5.175139307975769043e-01 -2.795230746269226074e-01 3.273602724075317383e-01 -1.651953607797622681e-01 5.720737203955650330e-02
-1.066733058542013168e-02 4.513036087155342102e-02 -4.382531717419624329e-02 5.615577697753906250e-01 6.285225152969360352e-01 5.381563901901245117e-01 -6.528766751289367676e-01 7.361364364624023438e-01 -1.784804016351699829e-01 -5.083354711532592773e-01 -2.511227130889892578e-01 8.237307667732238770e-01 2.772730290889739990e-01 5.182427167892456055e-01 -2.770179510116577148e-01 2.900673449039459229e-01 -1.871494948863983154e-01 6.112720817327499390e-02
-8.928423747420310974e-03 4.604002460837364197e-02 -4.566035047173500061e-02 5.670450925827026367e-01 6.316515207290649414e-01 5.286551713943481445e-01 -6.528030633926391602e-01 7.360237240791320801e-01 -1.792126893997192383e-01 -5.023027062416076660e-01 -2.434860318899154663e-01 8.297026753425598145e-01 2.854836881160736084e-01 5.195808410644531250e-01 -2.794674336910247803e-01 2.535134255886077881e-01 -2.519347667694091797e-01 6.500307470560073853e-02
-9.034562855958938599e-03 4.706212505698204041e-02 -4.485076665878295898e-02 5.735975503921508789e-01 6.339628100395202637e-01 5.187262892723083496e-01 -6.529321074485778809e-01 7.362495064735412598e-01 -1.778097152709960938e-01 -4.946367442607879639e-01 -2.367018312215805054e-01 8.362455964088439941e-01 2.905135452747344971e-01 5.210171341896057129e-01 -2.784153223037719727e-01 2.156599909067153931e-01 -3.140184283256530762e-01 6.988821923732757568e-02
-9.583792649209499359e-03 4.765663668513298035e-02 -4.647322371602058411e-02 5.807536244392395020e-01 6.354698538780212402e-01 5.088254809379577637e-01 -6.530597805976867676e-01 7.368420958518981934e-01 -1.748617291450500488e-01 -4.860433936119079590e-01 -2.307418882846832275e-01 8.429235219955444336e-01 3.000656366348266602e-01 5.236290097236633301e-01 -2.759942412376403809e-01 1.798347383737564087e-01 -3.481518030166625977e-01 7.727717608213424683e-02
-9.467681869864463806e-03 4.901682212948799133e-02 -4.694736003875732422e-02 5.878995060920715332e-01 6.363715529441833496e-01 4.994050562381744385e-01 -6.530480980873107910e-01 7.376996278762817383e-01 -1.712525784969329834e-01 -4.773912131786346436e-01 -2.254562228918075562e-01 8.492744565010070801e-01 3.038875460624694824e-01 5.233908891677856445e-01 -2.761815786361694336e-01 1.563226729631423950e-01 -3.495504260063171387e-01 8.302973955869674683e-02
-8.681037463247776031e-03 5.053003504872322083e-02 -4.747000709176063538e-02 5.943665504455566406e-01 6.370160579681396484e-01 4.908553063869476318e-01 -6.528467535972595215e-01 7.386172413825988770e-01 -1.680348217487335205e-01 -4.695950746536254883e-01 -2.205790281295776367e-01 8.548832535743713379e-01 3.114641606807708740e-01 5.215236544609069824e-01 -2.718436121940612793e-01 1.357521861791610718e-01 -3.117189407348632812e-01 7.752338796854019165e-02
-8.228288032114505768e-03 5.125785619020462036e-02 -4.783468693494796753e-02 5.998656153678894043e-01 6.376026868820190430e-01 4.833467900753021240e-01 -6.523496508598327637e-01 7.395304441452026367e-01 -1.659357100725173950e-01 -4.632507264614105225e-01 -2.157719731330871582e-01 8.595587611198425293e-01 3.159537613391876221e-01 5.259501934051513672e-01 -2.652434408664703369e-01 1.375884860754013062e-01 -2.556904554367065430e-01 7.976436614990234375e-02
-6.810852326452732086e-03 5.356920883059501648e-02 -4.962311685085296631e-02 6.047930717468261719e-01 6.381675004959106445e-01 4.764112234115600586e-01 -6.513524651527404785e-01 7.405830025672912598e-01 -1.651567965745925903e-01 -4.582197666168212891e-01 -2.104259282350540161e-01 8.635714054107666016e-01 3.241436183452606201e-01 5.283623933792114258e-01 -2.627302706241607666e-01 1.483777910470962524e-01 -2.075544893741607666e-01 8.748584240674972534e-02
-7.082577329128980637e-03 5.388784408569335938e-02 -4.902544990181922913e-02 6.099796891212463379e-01 6.386623382568359375e-01 4.690791070461273193e-01 -6.498233675956726074e-01 7.419291138648986816e-01 -1.651387363672256470e-01 -4.534913301467895508e-01 -2.040872871875762939e-01 8.675794005393981934e-01 3.325801193714141846e-01 5.254050493240356445e-01 -2.608619928359985352e-01 1.741865277290344238e-01 -2.013099044561386108e-01 1.128024756908416748e-01
-7.443980313837528229e-03 5.488853156566619873e-02 -5.185780301690101624e-02 6.161715388298034668e-01 6.389356851577758789e-01 4.605363905429840088e-01 -6.480569839477539062e-01 7.435960769653320312e-01 -1.645815670490264893e-01 -4.476100802421569824e-01 -1.970433294773101807e-01 8.722494840621948242e-01 3.421842157840728760e-01 5.249621868133544922e-01 -2.588783204555511475e-01 1.904634386301040649e-01 -2.429466843605041504e-01 1.279467940330505371e-01
-3.737756051123142242e-03 5.659506469964981079e-02 -5.116658285260200500e-02 6.234983205795288086e-01 6.387959718704223633e-01 4.507654905319213867e-01 -6.463661193847656250e-01 7.455306053161621094e-01 -1.624653190374374390e-01 -4.398416578769683838e-01 -1.900626868009567261e-01 8.777331709861755371e-01 3.457559049129486084e-01 5.271362066268920898e-01 -2.605346739292144775e-01 1.826568394899368286e-01 -3.143073022365570068e-01 1.413438469171524048e-01
-4.401947371661663055e-03 5.707630515098571777e-02 -5.392123386263847351e-02 6.316474676132202148e-01 6.381410360336303711e-01 4.402242898941040039e-01 -6.448118090629577637e-01 7.476952075958251953e-01 -1.586492061614990234e-01 -4.303941726684570312e-01 -1.836514621973037720e-01 8.837606906890869141e-01 3.524313569068908691e-01 5.264118313789367676e-01 -2.577877640724182129e-01 1.592564284801483154e-01 -3.703478872776031494e-01 1.467055231332778931e-01
-5.667411256581544876e-03 5.862934887409210205e-02 -5.229142308235168457e-02 6.400151252746582031e-01 6.371365785598754883e-01 4.294619560241699219e-01 -6.433390974998474121e-01 7.499598264694213867e-01 -1.538671851158142090e-01 -4.201136231422424316e-01 -1.778123378753662109e-01 8.898804783821105957e-01 3.606410026550292969e-01 5.277058482170104980e-01 -2.591601610183715820e-01 1.372429281473159790e-01 -3.986532390117645264e-01 1.471708118915557861e-01
-3.982689697295427322e-03 5.942105129361152649e-02 -5.423583090305328369e-02 6.477904915809631348e-01 6.362404227256774902e-01 4.190054535865783691e-01 -6.420010924339294434e-01 7.520157098770141602e-01 -1.493550837039947510e-01 -4.101244211196899414e-01 -1.722511649131774902e-01 8.956156969070434570e-01 3.633894324302673340e-01 5.279153585433959961e-01 -2.610417008399963379e-01 1.347935795783996582e-01 -3.823671638965606689e-01 1.345704495906829834e-01
-2.784833079203963280e-03 6.149148195981979370e-02 -5.415928363800048828e-02 6.544839739799499512e-01 6.356597542762756348e-01 4.093743860721588135e-01 -6.408095359802246094e-01 7.537175416946411133e-01 -1.458526402711868286e-01 -4.012652933597564697e-01 -1.668728142976760864e-01 9.006329178810119629e-01 3.686833381652832031e-01 5.249268412590026855e-01 -2.554736435413360596e-01 1.370315998792648315e-01 -3.341517150402069092e-01 1.151192635297775269e-01
-2.779792062938213348e-03 6.305465102195739746e-02 -5.613392591476440430e-02 6.599915027618408203e-01 6.353111863136291504e-01 4.009873867034912109e-01 -6.397642493247985840e-01 7.550869584083557129e-01 -1.433366984128952026e-01 -3.938437402248382568e-01 -1.619364023208618164e-01 9.048003554344177246e-01 3.744887709617614746e-01 5.300185084342956543e-01 -2.563343942165374756e-01 1.307458877563476562e-01 -2.784890532493591309e-01 9.688396006822586060e-02
-2.114629605785012245e-03 6.240857020020484924e-02 -5.613577365875244141e-02 6.644748449325561523e-01 6.350554823875427246e-01 3.939259946346282959e-01 -6.389459967613220215e-01 7.561701536178588867e-01 -1.412612348794937134e-01 -3.875837922096252441e-01 -1.578328758478164673e-01 9.082221984863281250e-01 3.815190494060516357e-01 5.319839119911193848e-01 -2.518120706081390381e-01 1.098724380135536194e-01 -2.340564280748367310e-01 7.689058780670166016e-02
-1.930646598339080811e-03 6.298636645078659058e-02 -5.827932804822921753e-02 6.685642004013061523e-01 6.347826719284057617e-01 3.873924016952514648e-01 -6.383489966392517090e-01 7.571057081222534180e-01 -1.389297395944595337e-01 -3.814871907234191895e-01 -1.544081121683120728e-01 9.113866686820983887e-01 3.872091770172119141e-01 5.283147096633911133e-01 -2.500875592231750488e-01 9.465588629245758057e-02 -2.244361937046051025e-01 6.682643294334411621e-02
8.903455454856157303e-04 6.623774021863937378e-02 -5.769047141075134277e-02 6.730217933654785156e-01 6.343942880630493164e-01 3.802441060543060303e-01 -6.379021406173706055e-01 7.580702304840087891e-01 -1.356847733259201050e-01 -3.743293881416320801e-01 -1.512397229671478271e-01 9.148792624473571777e-01 3.910471796989440918e-01 5.315497517585754395e-01 -2.462214827537536621e-01 8.348250389099121094e-02 -2.586837410926818848e-01 6.672511994838714600e-02
-1.126969218603335321e-04 6.557058542966842651e-02 -5.986355990171432495e-02 6.782994270324707031e-01 6.337928771972656250e-01 3.717747330665588379e-01 -6.374369859695434570e-01 7.592294812202453613e-01 -1.313189566135406494e-01 -3.654913604259490967e-01 -1.479094028472900391e-01 9.189879894256591797e-01 3.955249190330505371e-01 5.287072658538818359e-01 -2.474225461483001709e-01 8.587915450334548950e-02 -3.170692324638366699e-01 7.483267039060592651e-02
4.360539242043159902e-05 6.801369786262512207e-02 -6.034919619560241699e-02 6.842707991600036621e-01 6.328903436660766602e-01 3.622474968433380127e-01 -6.367740035057067871e-01 7.606639266014099121e-01 -1.261319965124130249e-01 -3.553763329982757568e-01 -1.443613320589065552e-01 9.235082268714904785e-01 3.983475863933563232e-01 5.334990024566650391e-01 -2.478467375040054321e-01 8.769729733467102051e-02 -3.634148240089416504e-01 9.170532226562500000e-02
1.264555263333022594e-03 6.848479062318801880e-02 -6.042210757732391357e-02 6.905555129051208496e-01 6.316785812377929688e-01 3.522999286651611328e-01 -6.357865333557128906e-01 7.623679637908935547e-01 -1.207085624337196350e-01 -3.448311984539031982e-01 -1.406315863132476807e-01 9.280701279640197754e-01 4.045683145523071289e-01 5.314708948135375977e-01 -2.443402558565139771e-01 8.914037048816680908e-02 -3.760680258274078369e-01 1.026128455996513367e-01
1.294125686399638653e-03 7.122079282999038696e-02 -6.115851551294326782e-02 6.967198848724365234e-01 6.302598118782043457e-01 3.425695598125457764e-01 -6.344319581985473633e-01 7.642593979835510254e-01 -1.157739385962486267e-01 -3.347796797752380371e-01 -1.366750895977020264e-01 9.323317408561706543e-01 4.075419902801513672e-01 5.336543321609497070e-01 -2.436051964759826660e-01 9.442099928855895996e-02 -3.618157505989074707e-01 1.105874031782150269e-01
2.966151339933276176e-03 7.033997029066085815e-02 -6.307256221771240234e-02 7.024298906326293945e-01 6.287093162536621094e-01 3.336417376995086670e-01 -6.327012181282043457e-01 7.662695050239562988e-01 -1.118939816951751709e-01 -3.260082900524139404e-01 -1.324978619813919067e-01 9.360357522964477539e-01 4.127242267131805420e-01 5.293309688568115234e-01 -2.394410520792007446e-01 9.998624026775360107e-02 -3.138010501861572266e-01 1.221356838941574097e-01
3.556783311069011688e-03 7.292111217975616455e-02 -6.399713456630706787e-02 7.075718641281127930e-01 6.269977092742919922e-01 3.259078264236450195e-01 -6.306692957878112793e-01 7.683617472648620605e-01 -1.089792177081108093e-01 -3.187448084354400635e-01 -1.284294426441192627e-01 9.390993714332580566e-01 4.182237088680267334e-01 5.323953032493591309e-01 -2.365178018808364868e-01 9.546368569135665894e-02 -2.642472386360168457e-01 1.208812966942787170e-01
2.664473606273531914e-03 7.198955863714218140e-02 -6.361721456050872803e-02 7.122676968574523926e-01 6.250787973403930664e-01 3.192979395389556885e-01 -6.285766363143920898e-01 7.704710960388183594e-01 -1.061401814222335815e-01 -3.123558163642883301e-01 -1.251029819250106812e-01 9.416916370391845703e-01 4.240882694721221924e-01 5.344716906547546387e-01 -2.334937900304794312e-01 7.131716609001159668e-02 -2.297047078609466553e-01 1.175993904471397400e-01
