-5.843352410010993481e-04 3.896697890013456345e-04 5.982369766570627689e-04 -2.764706313610076904e-01 1.771825551986694336e-01 9.445477128028869629e-01 6.335167884826660156e-01 7.726687192916870117e-01 4.049065709114074707e-02 -7.226482629776000977e-01 6.095812916755676270e-01 -3.258683383464813232e-01 1.534095853567123413e-01 3.083601295948028564e-01 -3.296399116516113281e-01 2.309494912624359131e-01 7.753736972808837891e-01 -6.461678743362426758e-01
5.112404469400644302e-04 2.166007288906257600e-05 -1.615548855625092983e-03 -3.026940822601318359e-01 1.782101541757583618e-01 9.362785220146179199e-01 6.167102456092834473e-01 7.856104373931884766e-01 4.984712973237037659e-02 -7.266668677330017090e-01 5.925009846687316895e-01 -3.477036654949188232e-01 1.706771552562713623e-01 3.040868937969207764e-01 -3.219099938869476318e-01 2.320834696292877197e-01 7.652356028556823730e-01 -6.405321955680847168e-01
1.980259548872709274e-03 2.988682826980948448e-03 -2.347253321204334497e-04 -3.279900550842285156e-01 1.785097569227218628e-01 9.276620149612426758e-01 5.997246503829956055e-01 7.980673909187316895e-01 5.847054347395896912e-02 -7.298992276191711426e-01 5.755195021629333496e-01 -3.688148856163024902e-01 1.827227771282196045e-01 2.928530573844909668e-01 -3.129003047943115234e-01 2.252554595470428467e-01 7.460117936134338379e-01 -6.326082348823547363e-01
2.672926289960741997e-03 6.114401621744036674e-04 -2.016296610236167908e-03 -3.516800701618194580e-01 1.778161525726318359e-01 9.190770387649536133e-01 5.828346610069274902e-01 8.098791241645812988e-01 6.632932275533676147e-02 -7.325468659400939941e-01 5.589966773986816406e-01 -3.884557485580444336e-01 1.939866840839385986e-01 2.849957942962646484e-01 -3.031045198440551758e-01 2.036528885364532471e-01 6.983856558799743652e-01 -6.137281656265258789e-01
2.513960236683487892e-03 3.303953679278492928e-03 -1.783105661161243916e-03 -3.728301227092742920e-01 1.760327517986297607e-01 9.110489487648010254e-01 5.662813186645507812e-01 8.209627270698547363e-01 7.311397045850753784e-02 -7.350667715072631836e-01 5.431690812110900879e-01 -4.057637155055999756e-01 2.053899914026260376e-01 2.798548638820648193e-01 -2.898344993591308594e-01 1.690730005502700806e-01 6.178535223007202148e-01 -5.919998288154602051e-01
2.236414235085248947e-03 4.292095080018043518e-03 -3.442777320742607117e-03 -3.903945386409759521e-01 1.731699109077453613e-01 9.042147397994995117e-01 5.502874851226806641e-01 8.312880396842956543e-01 7.838310301303863525e-02 -7.380892634391784668e-01 5.281783938407897949e-01 -4.198235571384429932e-01 2.183327376842498779e-01 2.722334265708923340e-01 -2.768268287181854248e-01 1.379962861537933350e-01 5.073171854019165039e-01 -5.711773633956909180e-01
3.517011646181344986e-03 3.724214620888233185e-03 -4.136529751121997833e-03 -4.033019840717315674e-01 1.692987084388732910e-01 8.992694020271301270e-01 5.350580811500549316e-01 8.408594727516174316e-01 8.165913820266723633e-02 -7.423343658447265625e-01 5.140946507453918457e-01 -4.297049343585968018e-01 2.253759801387786865e-01 2.657095789909362793e-01 -2.640813291072845459e-01 1.040107607841491699e-01 3.510756790637969971e-01 -5.459936261177062988e-01
2.995941555127501488e-03 5.639492999762296677e-03 -5.363182630389928818e-03 -4.104909598827362061e-01 1.645224541425704956e-01 8.968999385833740234e-01 5.207648873329162598e-01 8.497067093849182129e-01 8.247680962085723877e-02 -7.485325932502746582e-01 5.009300112724304199e-01 -4.344744384288787842e-01 2.354370802640914917e-01 2.616026103496551514e-01 -2.468181550502777100e-01 6.660899519920349121e-02 1.566290557384490967e-01 -5.233415365219116211e-01
3.713565180078148842e-03 5.301197525113821030e-03 -5.672397557646036148e-03 -4.109134972095489502e-01 1.589568257331848145e-01 8.977097868919372559e-01 5.075238943099975586e-01 8.578776717185974121e-01 8.040785044431686401e-02 -7.573437690734863281e-01 4.886498451232910156e-01 -4.331879019737243652e-01 2.431583553552627563e-01 2.549780309200286865e-01 -2.324335426092147827e-01 3.059584274888038635e-02 -7.452577352523803711e-02 -4.995210766792297363e-01
2.880928106606006622e-03 6.389201153069734573e-03 -5.441956222057342529e-03 -4.035205841064453125e-01 1.527165174484252930e-01 9.021356701850891113e-01 4.953689873218536377e-01 8.654326200485229492e-01 7.507266104221343994e-02 -7.692728638648986816e-01 4.771834015846252441e-01 -4.248709082603454590e-01 2.473846673965454102e-01 2.536748945713043213e-01 -2.169166654348373413e-01 -1.888249302282929420e-03 -3.425445258617401123e-01 -4.821385443210601807e-01
4.051452968269586563e-03 7.941210642457008362e-03 -5.742357578128576279e-03 -3.872492015361785889e-01 1.459019035100936890e-01 9.103574752807617188e-01 4.842278659343719482e-01 8.724371790885925293e-01 6.615709513425827026e-02 -7.845772504806518555e-01 4.664397239685058594e-01 -4.085003733634948730e-01 2.552095055580139160e-01 2.482996135950088501e-01 -2.033725976943969727e-01 -3.763890638947486877e-02 -6.456712484359741211e-01 -4.610859751701354980e-01
6.094774231314659119e-03 6.836417131125926971e-03 -7.998290471732616425e-03 -3.610972762107849121e-01 1.385222375392913818e-01 9.221823811531066895e-01 4.739462435245513916e-01 8.789234757423400879e-01 5.355800315737724304e-02 -8.031088113784790039e-01 4.564045071601867676e-01 -3.830289840698242188e-01 2.593616545200347900e-01 2.472086697816848755e-01 -1.930597573518753052e-01 -7.688547670841217041e-02 -9.760223627090454102e-01 -4.405367970466613770e-01
6.009574513882398605e-03 8.931471966207027435e-03 -7.569937035441398621e-03 -3.248068392276763916e-01 1.299308538436889648e-01 9.368129372596740723e-01 4.646858274936676025e-01 8.846417665481567383e-01 3.841842338442802429e-02 -8.237521648406982422e-01 4.478022754192352295e-01 -3.477147221565246582e-01 2.598943710327148438e-01 2.400985360145568848e-01 -1.867420077323913574e-01 -1.491409987211227417e-01 -1.303604483604431152e+00 -3.964262306690216064e-01
5.359942093491554260e-03 8.695676922798156738e-03 -9.209167212247848511e-03 -2.804662883281707764e-01 1.201331466436386108e-01 9.523164629936218262e-01 4.557329416275024414e-01 8.898454904556274414e-01 2.196515724062919617e-02 -8.447757959365844727e-01 4.401624798774719238e-01 -3.043203055858612061e-01 2.664847970008850098e-01 2.372895032167434692e-01 -1.788150817155838013e-01 -2.088253051042556763e-01 -1.540260076522827148e+00 -3.758443892002105713e-01
5.112722050398588181e-03 9.590174071490764618e-03 -9.762444533407688141e-03 -2.303734570741653442e-01 1.090976148843765259e-01 9.669672846794128418e-01 4.464552104473114014e-01 8.947896361351013184e-01 5.410746205598115921e-03 -8.646420240402221680e-01 4.329540729522705078e-01 -2.548429965972900391e-01 2.675292193889617920e-01 2.321014255285263062e-01 -1.801492869853973389e-01 -2.715106010437011719e-01 -1.702871203422546387e+00 -3.572906255722045898e-01
4.815585911273956299e-03 1.015590690076351166e-02 -9.987395256757736206e-03 -1.768905073404312134e-01 9.686154127120971680e-02 9.794527292251586914e-01 4.364993870258331299e-01 8.996474742889404297e-01 -1.013692747801542282e-02 -8.821439743041992188e-01 4.257373809814453125e-01 -2.014190852642059326e-01 2.675688564777374268e-01 2.319523394107818604e-01 -1.780635714530944824e-01 -3.251806795597076416e-01 -1.786147713661193848e+00 -3.480203151702880859e-01
4.547981079667806625e-03 1.134047191590070724e-02 -1.095589436590671539e-02 -1.223740130662918091e-01 8.351529389619827271e-02 9.889640212059020996e-01 4.257620871067047119e-01 9.045246839523315430e-01 -2.370099537074565887e-02 -8.965217471122741699e-01 4.181629717350006104e-01 -1.462479680776596069e-01 2.748756408691406250e-01 2.328010052442550659e-01 -1.805286705493927002e-01 -3.777440488338470459e-01 -1.793549180030822754e+00 -3.451675772666931152e-01
6.274555344134569168e-03 1.293476484715938568e-02 -1.179706398397684097e-02 -6.909181922674179077e-02 6.918410211801528931e-02 9.952084422111511230e-01 4.143368899822235107e-01 9.094710350036621094e-01 -3.445876017212867737e-02 -9.074972867965698242e-01 4.099707603454589844e-01 -9.150253236293792725e-02 2.745795249938964844e-01 2.297728359699249268e-01 -1.831337809562683105e-01 -4.253174662590026855e-01 -1.732676386833190918e+00 -3.451822698116302490e-01
5.272370763123035431e-03 1.244878210127353668e-02 -1.279981061816215515e-02 -1.913946308195590973e-02 5.401519685983657837e-02 9.983566403388977051e-01 4.024439752101898193e-01 9.144915342330932617e-01 -4.176250472664833069e-02 -9.152445197105407715e-01 4.009833037853240967e-01 -3.924096748232841492e-02 2.783582508563995361e-01 2.279820889234542847e-01 -1.823589056730270386e-01 -4.708539843559265137e-01 -1.612542748451232910e+00 -3.469354212284088135e-01
6.642153020948171616e-03 1.357817091047763824e-02 -1.098279375582933426e-02 2.568479813635349274e-02 3.823078423738479614e-02 9.989387989044189453e-01 3.903124630451202393e-01 9.195708036422729492e-01 -4.522901028394699097e-02 -9.203240871429443359e-01 3.910599648952484131e-01 8.697038516402244568e-03 2.842608392238616943e-01 2.259993851184844971e-01 -1.854221969842910767e-01 -5.035824775695800781e-01 -1.444837450981140137e+00 -3.510928750038146973e-01
5.663537885993719101e-03 1.456133741885423660e-02 -1.288464199751615524e-02 6.420213729143142700e-02 2.242807671427726746e-02 9.976848363876342773e-01 3.779134154319763184e-01 9.247414469718933105e-01 -4.510745033621788025e-02 -9.236122369766235352e-01 3.799344897270202637e-01 5.089450627565383911e-02 2.863523960113525391e-01 2.264256924390792847e-01 -1.806228756904602051e-01 -5.207079052925109863e-01 -1.237401008605957031e+00 -3.692080378532409668e-01
5.021411925554275513e-03 1.447166688740253448e-02 -1.097701396793127060e-02 9.608352184295654297e-02 7.753929588943719864e-03 9.953430891036987305e-01 3.651822209358215332e-01 9.299655556678771973e-01 -4.249678179621696472e-02 -9.259642958641052246e-01 3.675648272037506104e-01 8.652276545763015747e-02 2.912847399711608887e-01 2.278322279453277588e-01 -1.705117970705032349e-01 -4.998055398464202881e-01 -1.018844246864318848e+00 -3.884536921977996826e-01
6.219377741217613220e-03 1.658017188310623169e-02 -1.239706389605998993e-02 1.229981184005737305e-01 -4.001888912171125412e-03 9.923988580703735352e-01 3.527802526950836182e-01 9.348528385162353516e-01 -3.995382413268089294e-02 -9.275869727134704590e-01 3.550129532814025879e-01 1.163969188928604126e-01 3.080422580242156982e-01 2.263014018535614014e-01 -1.674196571111679077e-01 -4.184484481811523438e-01 -8.619497418403625488e-01 -3.868935704231262207e-01
6.214591674506664276e-03 1.600574515759944916e-02 -1.248883455991744995e-02 1.465667337179183960e-01 -1.161928754299879074e-02 9.891325235366821289e-01 3.412350118160247803e-01 9.391463994979858398e-01 -3.953108936548233032e-02 -9.284809231758117676e-01 3.433205783367156982e-01 1.416125297546386719e-01 3.160311877727508545e-01 2.224559783935546875e-01 -1.570867896080017090e-01 -2.952212691307067871e-01 -7.509786486625671387e-01 -3.616941571235656738e-01
6.101845763623714447e-03 1.734869927167892456e-02 -1.483203936368227005e-02 1.690180748701095581e-01 -1.494824513792991638e-02 9.854995608329772949e-01 3.305286765098571777e-01 9.428436756134033203e-01 -4.238608106970787048e-02 -9.285384416580200195e-01 3.328998982906341553e-01 1.642984449863433838e-01 3.221228122711181641e-01 2.221892178058624268e-01 -1.505713164806365967e-01 -1.605753004550933838e-01 -7.203662991523742676e-01 -3.312702775001525879e-01
9.093806147575378418e-03 1.807142794132232666e-02 -1.562650315463542938e-02 1.931401640176773071e-01 -1.471935957670211792e-02 9.810607433319091797e-01 3.201289176940917969e-01 9.461148381233215332e-01 -4.882831498980522156e-02 -9.274774193763732910e-01 3.234966397285461426e-01 1.874448657035827637e-01 3.320246040821075439e-01 2.150730639696121216e-01 -1.482443362474441528e-01 -4.988240078091621399e-02 -7.762781381607055664e-01 -3.144718706607818604e-01
8.705766871571540833e-03 1.781580410897731781e-02 -1.516854204237461090e-02 2.212658971548080444e-01 -1.155892666429281235e-02 9.751449823379516602e-01 3.095392584800720215e-01 9.490553140640258789e-01 -5.898653343319892883e-02 -9.247847795486450195e-01 3.148973882198333740e-01 2.135715335607528687e-01 3.452492952346801758e-01 2.159416377544403076e-01 -1.460380703210830688e-01 3.703922778367996216e-02 -9.104213118553161621e-01 -3.077529072761535645e-01
7.390397600829601288e-03 2.046389132738113403e-02 -1.510357949882745743e-02 2.551037073135375977e-01 -6.118271034210920334e-03 9.668943285942077637e-01 2.982323467731475830e-01 9.517234563827514648e-01 -7.266283035278320312e-02 -9.197714924812316895e-01 3.068957328796386719e-01 2.446128576993942261e-01 3.480592072010040283e-01 2.162060588598251343e-01 -1.470308005809783936e-01 1.075730696320533752e-01 -1.103166937828063965e+00 -3.018522262573242188e-01
7.915193215012550354e-03 1.917159557342529297e-02 -1.740742847323417664e-02 2.948463857173919678e-01 2.596072044980246574e-05 9.555446505546569824e-01 2.856788635253906250e-01 9.542602300643920898e-01 -8.817604929208755493e-02 -9.118405580520629883e-01 2.989773154258728027e-01 2.813527584075927734e-01 3.588466942310333252e-01 2.119423598051071167e-01 -1.506456732749938965e-01 1.143785789608955383e-01 -1.315215229988098145e+00 -3.073923885822296143e-01
7.361888885498046875e-03 2.251639217138290405e-02 -1.762365177273750305e-02 3.387930393218994141e-01 5.425612442195415497e-03 9.408453106880187988e-01 2.722942829132080078e-01 9.566239714622497559e-01 -1.035682186484336853e-01 -9.005970954895019531e-01 2.912749648094177246e-01 3.226201832294464111e-01 3.684271872043609619e-01 2.100867182016372681e-01 -1.560041755437850952e-01 8.048415184020996094e-02 -1.480347394943237305e+00 -3.000092506408691406e-01
7.228632457554340363e-03 2.136578410863876343e-02 -1.892713457345962524e-02 3.836210072040557861e-01 1.050548907369375229e-02 9.234308600425720215e-01 2.580857574939727783e-01 9.588733911514282227e-01 -1.181253045797348022e-01 -8.866942524909973145e-01 2.836396992206573486e-01 3.651326596736907959e-01 3.713486790657043457e-01 2.068748623132705688e-01 -1.646584868431091309e-01 6.138124316930770874e-02 -1.532884240150451660e+00 -2.955258190631866455e-01
6.192561704665422440e-03 2.176676318049430847e-02 -1.851232536137104034e-02 4.265184104442596436e-01 1.554919220507144928e-02 9.043452143669128418e-01 2.432747930288314819e-01 9.610349535942077637e-01 -1.312601566314697266e-01 -8.711483478546142578e-01 2.759892642498016357e-01 4.061163663864135742e-01 3.780240118503570557e-01 2.089228183031082153e-01 -1.760746985673904419e-01 4.654423147439956665e-02 -1.496308326721191406e+00 -2.961412966251373291e-01
6.352577358484268188e-03 2.221899107098579407e-02 -2.002835087478160858e-02 4.653541743755340576e-01 2.080438658595085144e-02 8.848800063133239746e-01 2.281676083803176880e-01 9.631170630455017090e-01 -1.426360756158828735e-01 -8.552105426788330078e-01 2.682772576808929443e-01 4.434436559677124023e-01 3.877695798873901367e-01 2.034386098384857178e-01 -1.802816987037658691e-01 3.602697700262069702e-02 -1.387036442756652832e+00 -3.015526533126831055e-01
7.295841816812753677e-03 2.402019686996936798e-02 -1.927747949957847595e-02 4.988757967948913574e-01 2.653068862855434418e-02 8.662673234939575195e-01 2.130256146192550659e-01 9.651133418083190918e-01 -1.522375941276550293e-01 -8.400851488113403320e-01 2.604847848415374756e-01 4.758200049400329590e-01 3.879434764385223389e-01 2.051257938146591187e-01 -1.874512583017349243e-01 3.342899307608604431e-02 -1.223832726478576660e+00 -3.122429847717285156e-01
7.288929540663957596e-03 2.311315573751926422e-02 -2.271685749292373657e-02 5.272080302238464355e-01 3.258626163005828857e-02 8.491111993789672852e-01 1.981244236230850220e-01 9.670091271400451660e-01 -1.601250767707824707e-01 -8.263161778450012207e-01 2.526488900184631348e-01 5.033588409423828125e-01 3.945907354354858398e-01 2.025519907474517822e-01 -1.889830529689788818e-01 3.718101978302001953e-02 -1.059793710708618164e+00 -3.206850290298461914e-01
5.857979878783226013e-03 2.426828630268573761e-02 -2.258113399147987366e-02 5.514605641365051270e-01 3.933535516262054443e-02 8.332730531692504883e-01 1.838422566652297974e-01 9.685981869697570801e-01 -1.673904061317443848e-01 -8.136911392211914062e-01 2.454999983310699463e-01 5.269122123718261719e-01 4.046711027622222900e-01 2.010783404111862183e-01 -1.912211775779724121e-01 5.404995009303092957e-02 -9.321382641792297363e-01 -3.116196691989898682e-01
5.811248440295457840e-03 2.347517944872379303e-02 -2.221550606191158295e-02 5.733983516693115234e-01 4.744397848844528198e-02 8.179018497467041016e-01 1.706765592098236084e-01 9.695006012916564941e-01 -1.758922785520553589e-01 -8.013013601303100586e-01 2.404530197381973267e-01 5.478124618530273438e-01 4.106723666191101074e-01 1.999593973159790039e-01 -1.873833835124969482e-01 1.214313879609107971e-01 -8.608411550521850586e-01 -2.773396372795104980e-01
7.069677580147981644e-03 2.401032857596874237e-02 -2.187361009418964386e-02 5.949925184249877930e-01 5.680055543780326843e-02 8.017216324806213379e-01 1.582756787538528442e-01 9.696864485740661621e-01 -1.861638277769088745e-01 -7.879928350448608398e-01 2.376591265201568604e-01 5.679660439491271973e-01 4.175216257572174072e-01 2.003471255302429199e-01 -1.915384083986282349e-01 1.884270608425140381e-01 -8.654672503471374512e-01 -2.488558441400527954e-01
8.111881092190742493e-03 2.531776763498783112e-02 -2.400501631200313568e-02 6.176533699035644531e-01 6.650225818157196045e-02 7.836337089538574219e-01 1.454814672470092773e-01 9.695600271224975586e-01 -1.969479471445083618e-01 -7.728773951530456543e-01 2.356497496366500854e-01 5.891771316528320312e-01 4.225933253765106201e-01 1.945468932390213013e-01 -1.936585307121276855e-01 2.069536298513412476e-01 -9.280983805656433105e-01 -2.358421683311462402e-01
8.476874791085720062e-03 2.475864812731742859e-02 -2.662038244307041168e-02 6.421724557876586914e-01 7.577028870582580566e-02 7.628062963485717773e-01 1.312463432550430298e-01 9.695410728454589844e-01 -2.067958712577819824e-01 -7.552409768104553223e-01 2.329141497611999512e-01 6.126679778099060059e-01 4.318051338195800781e-01 1.938354372978210449e-01 -1.977233141660690308e-01 1.772616058588027954e-01 -1.030281066894531250e+00 -2.509033083915710449e-01
8.480918593704700470e-03 2.652614936232566833e-02 -2.493938431143760681e-02 6.684989333152770996e-01 8.436691761016845703e-02 7.389122843742370605e-01 1.152327060699462891e-01 9.697962999343872070e-01 -2.149804234504699707e-01 -7.347316145896911621e-01 2.288610488176345825e-01 6.385859847068786621e-01 4.378032982349395752e-01 1.924121230840682983e-01 -1.966663450002670288e-01 1.221633031964302063e-01 -1.147079229354858398e+00 -2.772192955017089844e-01
7.567937020212411880e-03 2.619761973619461060e-02 -2.719894982874393463e-02 6.960565447807312012e-01 9.237910807132720947e-02 7.120192050933837891e-01 9.760879725217819214e-02 9.703062772750854492e-01 -2.213104218244552612e-01 -7.113211750984191895e-01 2.235439121723175049e-01 6.663710474967956543e-01 4.381828308105468750e-01 1.927051544189453125e-01 -2.015569359064102173e-01 7.266776263713836670e-02 -1.245044231414794922e+00 -2.999322712421417236e-01
7.249238435178995132e-03 2.655242383480072021e-02 -2.783897519111633301e-02 7.238702178001403809e-01 1.004188507795333862e-01 6.825891137123107910e-01 7.842511683702468872e-02 9.709627032279968262e-01 -2.260108739137649536e-01 -6.854643225669860840e-01 2.171346694231033325e-01 6.949756741523742676e-01 4.415452480316162109e-01 1.916583031415939331e-01 -1.988639235496520996e-01 3.425417467951774597e-02 -1.311815261840820312e+00 -3.262282907962799072e-01
7.089632563292980194e-03 2.709409035742282867e-02 -2.858197875320911407e-02 7.503764629364013672e-01 1.098751500248908997e-01 6.518148183822631836e-01 5.751567333936691284e-02 9.714952707290649414e-01 -2.299757450819015503e-01 -6.585036516189575195e-01 2.100579589605331421e-01 7.226676940917968750e-01 4.416657984256744385e-01 1.936216503381729126e-01 -2.017780840396881104e-01 3.998786211013793945e-02 -1.321604251861572266e+00 -3.753301501274108887e-01
6.751937791705131531e-03 2.855561673641204834e-02 -3.084379620850086212e-02 7.741209268569946289e-01 1.208578199148178101e-01 6.213937401771545410e-01 3.543996438384056091e-02 9.717926383018493652e-01 -2.331590205430984497e-01 -6.320449113845825195e-01 2.025154531002044678e-01 7.480018138885498047e-01 4.419832825660705566e-01 1.944192945957183838e-01 -2.061332166194915771e-01 4.494694247841835022e-02 -1.259787321090698242e+00 -4.209108948707580566e-01
6.590852979570627213e-03 2.896709740161895752e-02 -3.038476593792438507e-02 7.943649888038635254e-01 1.323436051607131958e-01 5.928485989570617676e-01 1.326027046889066696e-02 9.719669818878173828e-01 -2.347430884838104248e-01 -6.072960495948791504e-01 1.943330168724060059e-01 7.703416347503662109e-01 4.438283443450927734e-01 2.007846832275390625e-01 -2.088421136140823364e-01 2.482216991484165192e-02 -1.154469609260559082e+00 -4.449870884418487549e-01
5.858286283910274506e-03 2.965340390801429749e-02 -3.248331695795059204e-02 8.111916780471801758e-01 1.437164694070816040e-01 5.668453574180603027e-01 -8.402765728533267975e-03 9.720948934555053711e-01 -2.344374805688858032e-01 -5.847199559211730957e-01 1.854106634855270386e-01 7.897629141807556152e-01 4.483976066112518311e-01 1.973518580198287964e-01 -2.052874118089675903e-01 -9.419811889529228210e-03 -1.031957983970642090e+00 -4.582605063915252686e-01
4.808148834854364395e-03 3.062996082007884979e-02 -3.114654123783111572e-02 8.254955410957336426e-01 1.549516320228576660e-01 5.427219271659851074e-01 -2.916054800152778625e-02 9.720009565353393555e-01 -2.331603616476058960e-01 -5.636548399925231934e-01 1.766467690467834473e-01 8.069009780883789062e-01 4.508353471755981445e-01 2.022082209587097168e-01 -2.006869763135910034e-01 -2.178762108087539673e-02 -9.409497976303100586e-01 -4.567886292934417725e-01
6.215419154614210129e-03 2.977634407579898834e-02 -3.187884390354156494e-02 8.385793566703796387e-01 1.660886406898498535e-01 5.188440680503845215e-01 -4.849601909518241882e-02 9.713706374168395996e-01 -2.325667142868041992e-01 -5.426166057586669922e-01 1.698637753725051880e-01 8.226259946823120117e-01 4.531751573085784912e-01 2.065802365541458130e-01 -2.026084810495376587e-01 1.805010437965393066e-02 -9.101430177688598633e-01 -4.155555665493011475e-01
6.930071860551834106e-03 3.130815178155899048e-02 -3.497669845819473267e-02 8.510892391204833984e-01 1.768605560064315796e-01 4.943353533744812012e-01 -6.605168431997299194e-02 9.701416492462158203e-01 -2.333717644214630127e-01 -5.208495855331420898e-01 1.659685224294662476e-01 8.373590707778930664e-01 4.505177736282348633e-01 2.081315070390701294e-01 -1.971576809883117676e-01 8.257009834051132202e-02 -9.083514213562011719e-01 -3.582066297531127930e-01
5.266897846013307571e-03 3.023318387567996979e-02 -3.355902060866355896e-02 8.628840446472167969e-01 1.866450905799865723e-01 4.696751534938812256e-01 -8.157522231340408325e-02 9.685593843460083008e-01 -2.350281625986099243e-01 -4.987751245498657227e-01 1.644881963729858398e-01 8.509800434112548828e-01 4.556933343410491943e-01 2.086391896009445190e-01 -1.923785656690597534e-01 1.204298660159111023e-01 -8.906176090240478516e-01 -2.959314286708831787e-01
6.304146721959114075e-03 3.204375132918357849e-02 -3.434879705309867859e-02 8.738961219787597656e-01 1.950869113206863403e-01 4.452489614486694336e-01 -9.500054270029067993e-02 9.668158888816833496e-01 -2.371538877487182617e-01 -4.767393767833709717e-01 1.649489700794219971e-01 8.634300231933593750e-01 4.583775997161865234e-01 2.083123326301574707e-01 -1.898032873868942261e-01 1.476527750492095947e-01 -8.614662885665893555e-01 -2.305459529161453247e-01
5.477501079440116882e-03 3.380391001701354980e-02 -3.587853536009788513e-02 8.841585516929626465e-01 2.021190226078033447e-01 4.212025105953216553e-01 -1.064534038305282593e-01 9.650143980979919434e-01 -2.396141290664672852e-01 -4.548970460891723633e-01 1.670184433460235596e-01 8.747419714927673340e-01 4.630590379238128662e-01 2.058307081460952759e-01 -1.800625026226043701e-01 1.695601195096969604e-01 -8.303915858268737793e-01 -1.711224317550659180e-01
6.056698039174079895e-03 3.254990652203559875e-02 -3.562854230403900146e-02 8.937297463417053223e-01 2.077949047088623047e-01 3.975782096385955811e-01 -1.161279678344726562e-01 9.632077217102050781e-01 -2.423740625381469727e-01 -4.333145022392272949e-01 1.704469621181488037e-01 8.849781751632690430e-01 4.628916978836059570e-01 2.056455612182617188e-01 -1.747104227542877197e-01 1.833380162715911865e-01 -8.044322729110717773e-01 -1.176414564251899719e-01
6.121409591287374496e-03 3.224613890051841736e-02 -3.636656701564788818e-02 9.026621580123901367e-01 2.122126966714859009e-01 3.743885755538940430e-01 -1.242296323180198669e-01 9.614200592041015625e-01 -2.454352825880050659e-01 -4.120291471481323242e-01 1.750349849462509155e-01 8.942006230354309082e-01 4.673354625701904297e-01 2.000795304775238037e-01 -1.643499881029129028e-01 1.964025497436523438e-01 -7.752684354782104492e-01 -7.287141680717468262e-02
6.379305385053157806e-03 3.289117291569709778e-02 -3.575460612773895264e-02 9.109990000724792480e-01 2.154829651117324829e-01 3.516360521316528320e-01 -1.309550702571868896e-01 9.596587419509887695e-01 -2.488088756799697876e-01 -3.910647034645080566e-01 1.806161105632781982e-01 9.024667143821716309e-01 4.695421755313873291e-01 1.977840512990951538e-01 -1.528835147619247437e-01 2.097739428281784058e-01 -7.488314509391784668e-01 -3.089073486626148224e-02
6.829234771430492401e-03 3.251327946782112122e-02 -3.926172107458114624e-02 9.187760353088378906e-01 2.177159935235977173e-01 3.293179571628570557e-01 -1.364875733852386475e-01 9.579217433929443359e-01 -2.525017559528350830e-01 -3.704344630241394043e-01 1.870447397232055664e-01 9.098310470581054688e-01 4.741988480091094971e-01 1.911947429180145264e-01 -1.415185481309890747e-01 2.252433001995086670e-01 -7.245997786521911621e-01 3.623228054493665695e-03
8.358063176274299622e-03 3.363548964262008667e-02 -3.778648003935813904e-02 9.260293245315551758e-01 2.190109789371490479e-01 3.074148297309875488e-01 -1.410030424594879150e-01 9.562080502510070801e-01 -2.564844191074371338e-01 -3.501254320144653320e-01 1.941656619310379028e-01 9.163579344749450684e-01 4.745898246765136719e-01 1.898257732391357422e-01 -1.331856548786163330e-01 2.350351363420486450e-01 -6.987663507461547852e-01 3.758080676198005676e-02
6.496921647340059280e-03 3.348708152770996094e-02 -3.873686492443084717e-02 9.328033924102783203e-01 2.194762229919433594e-01 2.858460545539855957e-01 -1.447224318981170654e-01 9.545307159423828125e-01 -2.606270909309387207e-01 -3.300502896308898926e-01 2.017454952001571655e-01 9.221526980400085449e-01 4.791415333747863770e-01 1.850300729274749756e-01 -1.197682246565818787e-01 2.395267039537429810e-01 -6.819036602973937988e-01 5.999063327908515930e-02
7.112943567335605621e-03 3.261263668537139893e-02 -4.081781581044197083e-02 9.391466975212097168e-01 2.192481309175491333e-01 2.644498050212860107e-01 -1.479390263557434082e-01 9.529252052307128906e-01 -2.646650373935699463e-01 -3.100281953811645508e-01 2.094368487596511841e-01 9.273719191551208496e-01 4.806722402572631836e-01 1.788239777088165283e-01 -1.074826866388320923e-01 2.386339157819747925e-01 -6.693571805953979492e-01 8.096772432327270508e-02
6.730789318680763245e-03 3.490783274173736572e-02 -4.201419278979301453e-02 9.450929760932922363e-01 2.184952497482299805e-01 2.430208027362823486e-01 -1.509818732738494873e-01 9.514408111572265625e-01 -2.682626247406005859e-01 -2.898340225219726562e-01 2.168413847684860229e-01 9.321888685226440430e-01 4.872137904167175293e-01 1.738193184137344360e-01 -9.263096749782562256e-02 2.279918640851974487e-01 -6.733675003051757812e-01 8.586082607507705688e-02
8.760486729443073273e-03 3.388952463865280151e-02 -4.205263406038284302e-02 9.506167173385620117e-01 2.173641324043273926e-01 2.215415537357330322e-01 -1.540014892816543579e-01 9.500786662101745605e-01 -2.713559567928314209e-01 -2.694649696350097656e-01 2.238377928733825684e-01 9.366350769996643066e-01 4.897963702678680420e-01 1.681666821241378784e-01 -7.713989913463592529e-02 2.109643369913101196e-01 -6.738051772117614746e-01 9.113086760044097900e-02
1.049278024584054947e-02 3.394572436809539795e-02 -4.346842691302299500e-02 9.556480646133422852e-01 2.160309851169586182e-01 2.001682668924331665e-01 -1.570648252964019775e-01 9.487854242324829102e-01 -2.741111218929290771e-01 -2.491332292556762695e-01 2.305143773555755615e-01 9.406358003616333008e-01 4.944439232349395752e-01 1.630381494760513306e-01 -6.542872637510299683e-02 2.005567103624343872e-01 -6.683083176612854004e-01 8.986962586641311646e-02
1.045866962522268295e-02 3.405184671282768250e-02 -4.227094724774360657e-02 9.601041674613952637e-01 2.146915197372436523e-01 1.791858077049255371e-01 -1.602088958024978638e-01 9.474785923957824707e-01 -2.767986059188842773e-01 -2.292010188102722168e-01 2.370483279228210449e-01 9.440736174583435059e-01 4.963226020336151123e-01 1.579613983631134033e-01 -5.032694339752197266e-02 1.979089230298995972e-01 -6.532018780708312988e-01 8.350146561861038208e-02
1.003832742571830750e-02 3.366186469793319702e-02 -4.353024065494537354e-02 9.639314413070678711e-01 2.134508043527603149e-01 1.589809954166412354e-01 -1.633872538805007935e-01 9.461079835891723633e-01 -2.796145379543304443e-01 -2.100971490144729614e-01 2.435537874698638916e-01 9.468583464622497559e-01 5.028782486915588379e-01 1.540619134902954102e-01 -3.467136621475219727e-02 2.004887908697128296e-01 -6.244634985923767090e-01 7.604502141475677490e-02
1.032070908695459366e-02 3.398552909493446350e-02 -4.363658279180526733e-02 9.671384096145629883e-01 2.121993899345397949e-01 1.400524526834487915e-01 -1.663745194673538208e-01 9.447307586669921875e-01 -2.824948728084564209e-01 -1.922570914030075073e-01 2.499104887247085571e-01 9.489899873733520508e-01 5.036381483078002930e-01 1.473087966442108154e-01 -2.225354872643947601e-02 2.023995518684387207e-01 -5.822363495826721191e-01 7.286981493234634399e-02
1.129820942878723145e-02 3.444726392626762390e-02 -4.373728856444358826e-02 9.697943925857543945e-01 2.106582820415496826e-01 1.229711100459098816e-01 -1.687931418418884277e-01 9.435082077980041504e-01 -2.851334512233734131e-01 -1.760899722576141357e-01 2.557641565799713135e-01 9.505667090415954590e-01 5.079149007797241211e-01 1.388394534587860107e-01 -5.542547442018985748e-03 1.798368245363235474e-01 -5.211907625198364258e-01 7.237745821475982666e-02
1.194295845925807953e-02 3.413502499461174011e-02 -4.359140619635581970e-02 9.719996452331542969e-01 2.087331861257553101e-01 1.079217717051506042e-01 -1.704948246479034424e-01 9.425206184387207031e-01 -2.873785793781280518e-01 -1.617039442062377930e-01 2.609317600727081299e-01 9.517176151275634766e-01 5.086836814880371094e-01 1.365948170423507690e-01 1.370183285325765610e-02 1.605646312236785889e-01 -4.591300189495086670e-01 8.251954615116119385e-02
1.353699155151844025e-02 3.544543683528900146e-02 -4.475238546729087830e-02 9.738499522209167480e-01 2.064892798662185669e-01 9.475446492433547974e-02 -1.715599596500396729e-01 9.417917728424072266e-01 -2.891288101673126221e-01 -1.489409804344177246e-01 2.653120160102844238e-01 9.525891542434692383e-01 5.125957727432250977e-01 1.325139105319976807e-01 2.995816804468631744e-02 1.308926343917846680e-01 -4.021415412425994873e-01 8.525346219539642334e-02
1.344887074083089828e-02 3.482556343078613281e-02 -4.339569434523582458e-02 9.754171371459960938e-01 2.040757834911346436e-01 8.315304666757583618e-02 -1.722004711627960205e-01 9.413295388221740723e-01 -2.902511060237884521e-01 -1.375076323747634888e-01 2.687969207763671875e-01 9.533309340476989746e-01 5.163208246231079102e-01 1.234969794750213623e-01 4.783247783780097961e-02 1.023107916116714478e-01 -3.581863939762115479e-01 9.075324982404708862e-02
1.334042567759752274e-02 3.494537621736526489e-02 -4.535676911473274231e-02 9.767469763755798340e-01 2.016674131155014038e-01 7.277055084705352783e-02 -1.726659387350082397e-01 9.411399960517883301e-01 -2.905890941619873047e-01 -1.270896196365356445e-01 2.712670266628265381e-01 9.540767669677734375e-01 5.211989283561706543e-01 1.174210160970687866e-01 6.860159337520599365e-02 7.087713479995727539e-02 -3.216203451156616211e-01 8.201543241739273071e-02
1.740970090031623840e-02 3.579723834991455078e-02 -4.372142627835273743e-02 9.778689146041870117e-01 1.993969380855560303e-01 6.335027515888214111e-02 -1.731281727552413940e-01 9.412084221839904785e-01 -2.900920212268829346e-01 -1.174692660570144653e-01 2.727042436599731445e-01 9.548996686935424805e-01 5.203678607940673828e-01 1.141676530241966248e-01 8.757881820201873779e-02 3.844076767563819885e-02 -2.994653582572937012e-01 7.673604786396026611e-02
1.720985583961009979e-02 3.542240709066390991e-02 -4.548475518822669983e-02 9.788005948066711426e-01 1.973593384027481079e-01 5.476025491952896118e-02 -1.736756265163421631e-01 9.414883255958557129e-01 -2.888537645339965820e-01 -1.085641309618949890e-01 2.732197046279907227e-01 9.558058381080627441e-01 5.230041146278381348e-01 1.080724969506263733e-01 1.116097047924995422e-01 9.127865545451641083e-03 -2.754628062248229980e-01 6.719358265399932861e-02
1.646705158054828644e-02 3.611568734049797058e-02 -4.281074181199073792e-02 9.795506000518798828e-01 1.956425011157989502e-01 4.695363715291023254e-02 -1.743652373552322388e-01 9.419110417366027832e-01 -2.870546281337738037e-01 -1.003862321376800537e-01 2.729974389076232910e-01 9.567627906799316406e-01 5.273951292037963867e-01 1.040518432855606079e-01 1.316579133272171021e-01 -1.584344916045665741e-02 -2.564102709293365479e-01 5.648221820592880249e-02
1.868400909006595612e-02 3.606196120381355286e-02 -4.362925514578819275e-02 9.801170825958251953e-01 1.943534910678863525e-01 3.996591642498970032e-02 -1.752510368824005127e-01 9.423821568489074707e-01 -2.849612832069396973e-01 -9.304638952016830444e-02 2.722913324832916260e-01 9.577054977416992188e-01 5.263979434967041016e-01 9.906602650880813599e-02 1.513754874467849731e-01 -2.880690246820449829e-02 -2.324451655149459839e-01 4.130844026803970337e-02
2.038314938545227051e-02 3.730330988764762878e-02 -4.233723506331443787e-02 9.805021882057189941e-01 1.935750246047973633e-01 3.382476046681404114e-02 -1.763792335987091064e-01 9.428192377090454102e-01 -2.828114032745361328e-01 -8.663585782051086426e-02 2.713312208652496338e-01 9.585789442062377930e-01 5.278529524803161621e-01 9.103661775588989258e-02 1.782676577568054199e-01 -3.522438555955886841e-02 -2.043896913528442383e-01 2.287443168461322784e-02
2.083915844559669495e-02 3.803166374564170837e-02 -4.303045570850372314e-02 9.807204008102416992e-01 1.933306455612182617e-01 2.847444266080856323e-02 -1.777765452861785889e-01 9.431695938110351562e-01 -2.807608544826507568e-01 -8.113590627908706665e-02 2.702858150005340576e-01 9.593552947044372559e-01 5.296459197998046875e-01 9.118948876857757568e-02 1.980757862329483032e-01 -3.559849038720130920e-02 -1.796450763940811157e-01 6.023527588695287704e-03
2.191659808158874512e-02 3.651231527328491211e-02 -4.172407463192939758e-02 9.808005094528198242e-01 1.935675293207168579e-01 2.370497025549411774e-02 -1.794435977935791016e-01 9.433947801589965820e-01 -2.789377570152282715e-01 -7.635644078254699707e-02 2.693286240100860596e-01 9.600165486335754395e-01 5.326055288314819336e-01 8.821087330579757690e-02 2.227098643779754639e-01 -3.144453838467597961e-02 -1.613264977931976318e-01 -1.009457465261220932e-02
2.251208759844303131e-02 3.616435080766677856e-02 -4.255323484539985657e-02 9.807942509651184082e-01 1.941153407096862793e-01 1.902351900935173035e-02 -1.813394576311111450e-01 9.434422850608825684e-01 -2.775475382804870605e-01 -7.182382792234420776e-02 2.687672972679138184e-01 9.605235457420349121e-01 5.344306826591491699e-01 7.968913018703460693e-02 2.446537315845489502e-01 -1.416715793311595917e-02 -1.550205051898956299e-01 -1.805405132472515106e-02
2.578690461814403534e-02 3.844388201832771301e-02 -4.064554348587989807e-02 9.807394742965698242e-01 1.948283910751342773e-01 1.385494042187929153e-02 -1.834789812564849854e-01 9.432837367057800293e-01 -2.766788899898529053e-01 -6.697404384613037109e-02 2.688078284263610840e-01 9.608625173568725586e-01 5.349197387695312500e-01 7.836893200874328613e-02 2.693983316421508789e-01 3.361120587214827538e-03 -1.652740985155105591e-01 -2.236533164978027344e-02
2.528887800872325897e-02 3.677872940897941589e-02 -4.148406162858009338e-02 9.806400537490844727e-01 1.956636905670166016e-01 7.795641664415597916e-03 -1.859429627656936646e-01 9.429274201393127441e-01 -2.762482166290283203e-01 -6.140246614813804626e-02 2.694505155086517334e-01 9.610546827316284180e-01 5.367088317871093750e-01 7.147407531738281250e-02 2.895407676696777344e-01 2.388190291821956635e-02 -1.899941712617874146e-01 -2.770335599780082703e-02
2.596808597445487976e-02 3.820935636758804321e-02 -4.061390087008476257e-02 9.804782271385192871e-01 1.966260224580764771e-01 8.186847553588449955e-04 -1.887637078762054443e-01 9.424220919609069824e-01 -2.760595381259918213e-01 -5.505203828215599060e-02 2.705158293247222900e-01 9.611402153968811035e-01 5.373939275741577148e-01 7.273209095001220703e-02 3.100049197673797607e-01 3.723773360252380371e-02 -2.187984585762023926e-01 -2.874229103326797485e-02
2.770014852285385132e-02 3.766544163227081299e-02 -3.928941115736961365e-02 9.802638888359069824e-01 1.975844651460647583e-01 -6.568688433617353439e-03 -1.916982233524322510e-01 9.418901205062866211e-01 -2.758527696132659912e-01 -4.831723868846893311e-02 2.716677188873291016e-01 9.611774682998657227e-01 5.417187213897705078e-01 6.749285012483596802e-02 3.333537876605987549e-01 3.952817246317863464e-02 -2.295604944229125977e-01 -3.121689334511756897e-02
2.822219952940940857e-02 3.940490260720252991e-02 -3.853797912597656250e-02 9.800618290901184082e-01 1.982423514127731323e-01 -1.336934231221675873e-02 -1.942070275545120239e-01 9.415486454963684082e-01 -2.752631902694702148e-01 -4.198093712329864502e-02 2.723713815212249756e-01 9.612759351730346680e-01 5.425620675086975098e-01 6.638487428426742554e-02 3.527203798294067383e-01 2.439599856734275818e-02 -2.170560806989669800e-01 -2.338569238781929016e-02
3.035097755491733551e-02 3.754874318838119507e-02 -3.884917497634887695e-02 9.799259305000305176e-01 1.984639018774032593e-01 -1.890139654278755188e-02 -1.959660649299621582e-01 9.414706230163574219e-01 -2.742815315723419189e-01 -3.663987666368484497e-02 2.724796235561370850e-01 9.614636898040771484e-01 5.449514389038085938e-01 5.847897380590438843e-02 3.744914233684539795e-01 3.621504642069339752e-03 -1.766865551471710205e-01 -4.121494479477405548e-03
3.133489936590194702e-02 3.913836553692817688e-02 -3.810658305883407593e-02 9.798682332038879395e-01 1.982421875000000000e-01 -2.362740412354469299e-02 -1.970774084329605103e-01 9.415473937988281250e-01 -2.732195854187011719e-01 -3.191732987761497498e-02 2.723756134510040283e-01 9.616614580154418945e-01 5.470907092094421387e-01 5.768639594316482544e-02 3.937231302261352539e-01 -4.335268866270780563e-03 -1.549107283353805542e-01 5.934303160756826401e-03
3.077041916549205780e-02 3.715177625417709351e-02 -3.609365224838256836e-02 9.798398017883300781e-01 1.976808011531829834e-01 -2.891895920038223267e-02 -1.980133056640625000e-01 9.416891336441040039e-01 -2.720520198345184326e-01 -2.654679119586944580e-02 2.722937464714050293e-01 9.618479013442993164e-01 5.498126149177551270e-01 5.558837577700614929e-02 4.107808172702789307e-01 -4.597431514412164688e-03 -1.699577420949935913e-01 1.687382906675338745e-02
