-5.843352410010993481e-04 3.896697890013456345e-04 5.982369766570627689e-04 7.776760458946228027e-01 1.138205677270889282e-01 -6.182757019996643066e-01 6.131958961486816406e-01 -3.541626930236816406e-01 7.060875296592712402e-01 -1.386028826236724854e-01 -9.282314777374267578e-01 -3.452181518077850342e-01 -5.994041264057159424e-02 -3.277695477008819580e-01 3.471885025501251221e-01 -4.613680765032768250e-02 -7.960796952247619629e-01 6.592607498168945312e-01
6.089807138778269291e-04 -1.329072401858866215e-03 1.270442851819097996e-03 7.640596032142639160e-01 9.861151874065399170e-02 -6.375646591186523438e-01 6.233314871788024902e-01 -3.676503300666809082e-01 6.901384592056274414e-01 -1.663452535867691040e-01 -9.247210621833801270e-01 -3.423744440078735352e-01 -5.525859817862510681e-02 -3.013243675231933594e-01 3.556389510631561279e-01 -3.190327063202857971e-02 -7.973093390464782715e-01 6.583822369575500488e-01
1.103139249607920647e-03 -7.315000984817743301e-04 1.150382333435118198e-03 7.492682337760925293e-01 8.347357064485549927e-02 -6.569850444793701172e-01 6.332673430442810059e-01 -3.806450664997100830e-01 6.738559603691101074e-01 -1.938289552927017212e-01 -9.209460020065307617e-01 -3.380663394927978516e-01 -4.799794033169746399e-02 -2.920707464218139648e-01 3.593365848064422607e-01 -1.173628494143486023e-02 -8.157531619071960449e-01 6.458482146263122559e-01
9.888340719044208527e-04 -3.764450084418058395e-03 3.047934733331203461e-03 7.328841090202331543e-01 6.829109787940979004e-02 -6.769174337387084961e-01 6.434884071350097656e-01 -3.926447331905364990e-01 6.570789813995361328e-01 -2.209154367446899414e-01 -9.171512722969055176e-01 -3.317075967788696289e-01 -3.872187808156013489e-02 -2.754803299903869629e-01 3.695766627788543701e-01 2.912872657179832458e-02 -8.527716994285583496e-01 6.278482079505920410e-01
-2.821413800120353699e-04 -2.350572729483246803e-03 4.334169439971446991e-03 7.145692706108093262e-01 5.295602232217788696e-02 -6.975575089454650879e-01 6.543343067169189453e-01 -4.033166468143463135e-01 6.396735906600952148e-01 -2.474619746208190918e-01 -9.135268926620483398e-01 -3.228486180305480957e-01 -2.732481807470321655e-02 -2.509372830390930176e-01 3.788532316684722900e-01 7.697138935327529907e-02 -9.023942351341247559e-01 5.971043109893798828e-01
-4.660288104787468910e-04 -4.233203362673521042e-03 3.333331085741519928e-03 6.941156983375549316e-01 3.734321892261505127e-02 -7.188942432403564453e-01 6.659679412841796875e-01 -4.124487936496734619e-01 6.215888261795043945e-01 -2.732949256896972656e-01 -9.102150797843933105e-01 -3.111565709114074707e-01 -1.682288199663162231e-02 -2.395664006471633911e-01 3.924550414085388184e-01 1.353152841329574585e-01 -9.551173448562622070e-01 5.676786303520202637e-01
-1.346968812867999077e-03 -4.328851122409105301e-03 4.407021217048168182e-03 6.711742281913757324e-01 2.123147249221801758e-02 -7.409955263137817383e-01 6.787062883377075195e-01 -4.196102321147918701e-01 6.027313470840454102e-01 -2.981324195861816406e-01 -9.074560403823852539e-01 -2.960415184497833252e-01 -5.723708309233188629e-03 -2.231461405754089355e-01 3.949367702007293701e-01 2.059093266725540161e-01 -1.023003935813903809e+00 5.268080234527587891e-01
-5.100499838590621948e-04 -4.263225477188825607e-03 6.456692237406969070e-03 6.452934145927429199e-01 4.345816560089588165e-03 -7.639224529266357422e-01 6.929087638854980469e-01 -4.243972301483154297e-01 5.828931331634521484e-01 -3.216734230518341064e-01 -9.054656624794006348e-01 -2.768720090389251709e-01 1.684620231389999390e-02 -2.038822472095489502e-01 4.111202359199523926e-01 2.973735630512237549e-01 -1.103434681892395020e+00 4.769064188003540039e-01
8.218921138904988766e-04 -5.218575708568096161e-03 7.412465289235115051e-03 6.159555315971374512e-01 -1.370512321591377258e-02 -7.876617312431335449e-01 7.089277505874633789e-01 -4.263774156570434570e-01 5.618039965629577637e-01 -3.435407578945159912e-01 -9.044415354728698730e-01 -2.529135644435882568e-01 3.056317567825317383e-02 -1.798808872699737549e-01 4.217844009399414062e-01 3.981823623180389404e-01 -1.201472043991088867e+00 4.165877997875213623e-01
7.824472268112003803e-04 -4.601535852998495102e-03 9.123216383159160614e-03 5.824449062347412109e-01 -3.330115228891372681e-02 -8.121877908706665039e-01 7.271257638931274414e-01 -4.253154098987579346e-01 5.388830304145812988e-01 -3.633814156055450439e-01 -9.044322967529296875e-01 -2.235086560249328613e-01 5.082018673419952393e-02 -1.593583226203918457e-01 4.309280216693878174e-01 5.168986320495605469e-01 -1.325368762016296387e+00 3.498844206333160400e-01
1.432036282494664192e-03 -4.955269396305084229e-03 1.053013745695352554e-02 5.446544289588928223e-01 -5.428102239966392517e-02 -8.369020819664001465e-01 7.472394704818725586e-01 -4.216587245464324951e-01 5.136507749557495117e-01 -3.807685375213623047e-01 -9.051284193992614746e-01 -1.890973746776580811e-01 7.405188679695129395e-02 -1.393701732158660889e-01 4.400792121887207031e-01 6.171911358833312988e-01 -1.442261695861816406e+00 2.856107652187347412e-01
2.910978393629193306e-03 -5.004399921745061874e-03 1.090047508478164673e-02 5.018366575241088867e-01 -7.638188451528549194e-02 -8.615832924842834473e-01 7.693311572074890137e-01 -4.158526957035064697e-01 4.849701821804046631e-01 -3.953346908092498779e-01 -9.062187075614929199e-01 -1.499271839857101440e-01 1.067156419157981873e-01 -1.158910691738128662e-01 4.432423114776611328e-01 6.957204341888427734e-01 -1.588560223579406738e+00 2.152375727891921997e-01
3.686245065182447433e-03 -6.148803979158401489e-03 1.180010382086038589e-02 4.537452757358551025e-01 -9.932800382375717163e-02 -8.855784535408020020e-01 7.930301427841186523e-01 -4.082784056663513184e-01 4.521193802356719971e-01 -4.064706563949584961e-01 -9.074374437332153320e-01 -1.064843013882637024e-01 1.390468478202819824e-01 -8.462328463792800903e-02 4.483379125595092773e-01 7.561016082763671875e-01 -1.736223816871643066e+00 1.450909823179244995e-01
3.852298716083168983e-03 -5.659082438796758652e-03 1.400984451174736023e-02 4.014112055301666260e-01 -1.214366704225540161e-01 -9.078117609024047852e-01 8.168177604675292969e-01 -4.009282588958740234e-01 4.148075580596923828e-01 -4.143402278423309326e-01 -9.080251455307006836e-01 -6.174547225236892700e-02 1.724013239145278931e-01 -6.130575016140937805e-02 4.496136307716369629e-01 7.358165979385375977e-01 -1.845615863800048828e+00 1.015486195683479309e-01
4.980934318155050278e-03 -6.452973000705242157e-03 1.406081952154636383e-02 3.468536436557769775e-01 -1.408137977123260498e-01 -9.272885322570800781e-01 8.393119573593139648e-01 -3.946764171123504639e-01 3.738796114921569824e-01 -4.186263382434844971e-01 -9.079658389091491699e-01 -1.870824769139289856e-02 2.014453113079071045e-01 -4.005476832389831543e-02 4.491144120693206787e-01 6.448064446449279785e-01 -1.880742073059082031e+00 7.087291032075881958e-02
7.046413142234086990e-03 -4.024595953524112701e-03 1.386852841824293137e-02 2.925838828086853027e-01 -1.562193334102630615e-01 -9.433929324150085449e-01 8.597144484519958496e-01 -3.889747560024261475e-01 3.310433626174926758e-01 -4.186713993549346924e-01 -9.079064726829528809e-01 2.049626968801021576e-02 2.334795296192169189e-01 -1.831440255045890808e-02 4.442715644836425781e-01 5.241860151290893555e-01 -1.849230408668518066e+00 1.421196269802749157e-03
8.683047257363796234e-03 -4.599429201334714890e-03 1.805092394351959229e-02 2.406505793333053589e-01 -1.664278805255889893e-01 -9.562369585037231445e-01 8.777316212654113770e-01 -3.832442462444305420e-01 2.875952124595642090e-01 -4.143361449241638184e-01 -9.085293412208557129e-01 5.385106429457664490e-02 2.716012895107269287e-01 2.747474063653498888e-04 4.383894503116607666e-01 3.634368777275085449e-01 -1.753561019897460938e+00 -8.121501654386520386e-02
9.940665215253829956e-03 -3.318934701383113861e-03 1.650020852684974670e-02 1.924472004175186157e-01 -1.704126149415969849e-01 -9.663972258567810059e-01 8.933613896369934082e-01 -3.770638406276702881e-01 2.443936467170715332e-01 -4.060412049293518066e-01 -9.103748798370361328e-01 7.967518270015716553e-02 3.006845414638519287e-01 2.736501209437847137e-02 4.335763752460479736e-01 1.709706783294677734e-01 -1.628087043762207031e+00 -1.713093221187591553e-01
1.188205275684595108e-02 -4.174967762082815170e-03 1.556462515145540237e-02 1.492715626955032349e-01 -1.674615740776062012e-01 -9.745125174522399902e-01 9.068146944046020508e-01 -3.697376549243927002e-01 2.024381458759307861e-01 -3.942145705223083496e-01 -9.139205217361450195e-01 9.666530042886734009e-02 3.288138508796691895e-01 4.270541295409202576e-02 4.263535737991333008e-01 -5.032223463058471680e-02 -1.465321540832519531e+00 -2.678079009056091309e-01
1.339827850461006165e-02 -3.767121816053986549e-03 1.856872625648975372e-02 1.096638888120651245e-01 -1.597246974706649780e-01 -9.810513854026794434e-01 9.184294939041137695e-01 -3.611342310905456543e-01 1.614600419998168945e-01 -3.800804018974304199e-01 -9.187328815460205078e-01 1.070924848318099976e-01 3.522041738033294678e-01 5.999411270022392273e-02 4.193483591079711914e-01 -2.051313519477844238e-01 -1.345924854278564453e+00 -3.388122320175170898e-01
1.366539672017097473e-02 -3.383988514542579651e-03 1.843436434864997864e-02 7.300092279911041260e-02 -1.493265330791473389e-01 -9.860894680023193359e-01 9.282870888710021973e-01 -3.513093292713165283e-01 1.219216063618659973e-01 -3.646285533905029297e-01 -9.242745041847229004e-01 1.129719913005828857e-01 3.755523562431335449e-01 7.351551204919815063e-02 4.143788516521453857e-01 -3.000561892986297607e-01 -1.247870564460754395e+00 -3.841937780380249023e-01
1.725374534726142883e-02 -3.827278502285480499e-03 1.997676119208335876e-02 3.924770280718803406e-02 -1.378600150346755981e-01 -9.896737933158874512e-01 9.363324046134948730e-01 -3.407702147960662842e-01 8.460108935832977295e-02 -3.489144444465637207e-01 -9.299840331077575684e-01 1.157083511352539062e-01 3.948916494846343994e-01 8.722002804279327393e-02 3.933118283748626709e-01 -3.462845683097839355e-01 -1.145397543907165527e+00 -3.968354165554046631e-01
1.790462806820869446e-02 -3.924264572560787201e-03 1.889516040682792664e-02 8.446995168924331665e-03 -1.263237297534942627e-01 -9.919531345367431641e-01 9.427390694618225098e-01 -3.297587037086486816e-01 5.002218484878540039e-02 -3.334241509437561035e-01 -9.355754852294921875e-01 1.163048520684242249e-01 4.080586731433868408e-01 1.038473993539810181e-01 3.843505382537841797e-01 -3.593871295452117920e-01 -1.042103409767150879e+00 -3.995753824710845947e-01
1.885052584111690521e-02 -3.572656773030757904e-03 1.943969912827014923e-02 -1.974109746515750885e-02 -1.157236099243164062e-01 -9.930852651596069336e-01 9.477487206459045410e-01 -3.184940218925476074e-01 1.827403716742992401e-02 -3.184064328670501709e-01 -9.408345222473144531e-01 1.159643232822418213e-01 4.256736636161804199e-01 1.170901507139205933e-01 3.769630193710327148e-01 -3.394515216350555420e-01 -9.562473893165588379e-01 -3.901362121105194092e-01
2.056651376187801361e-02 -2.449190709739923477e-03 2.005124837160110474e-02 -4.579231888055801392e-02 -1.069821640849113464e-01 -9.932058453559875488e-01 9.515755772590637207e-01 -3.072259128093719482e-01 -1.078040152788162231e-02 -3.039852678775787354e-01 -9.456040859222412109e-01 1.158701926469802856e-01 4.383916854858398438e-01 1.353893876075744629e-01 3.780744373798370361e-01 -2.890970408916473389e-01 -8.761463761329650879e-01 -3.802684247493743896e-01
2.334713190793991089e-02 -2.881718566641211510e-03 2.087885141372680664e-02 -7.070659101009368896e-02 -1.005856692790985107e-01 -9.924127459526062012e-01 9.543174505233764648e-01 -2.963743507862091064e-01 -3.795348107814788818e-02 -2.903081178665161133e-01 -9.497603774070739746e-01 1.169462800025939941e-01 4.499841332435607910e-01 1.535806208848953247e-01 3.758887946605682373e-01 -2.279726564884185791e-01 -8.333645462989807129e-01 -3.548310995101928711e-01
2.495216950774192810e-02 -2.267371164634823799e-03 2.208084799349308014e-02 -9.563353657722473145e-02 -9.699971973896026611e-02 -9.906792044639587402e-01 9.559233188629150391e-01 -2.865057885646820068e-01 -6.422598659992218018e-02 -2.776054441928863525e-01 -9.531555175781250000e-01 1.201238557696342468e-01 4.605695903301239014e-01 1.735335886478424072e-01 3.666449189186096191e-01 -1.420957446098327637e-01 -8.336586356163024902e-01 -3.221702575683593750e-01
2.576621249318122864e-02 -9.078443399630486965e-04 2.161463350057601929e-02 -1.225565820932388306e-01 -9.545670449733734131e-02 -9.878602623939514160e-01 9.562669396400451660e-01 -2.777156829833984375e-01 -9.180142730474472046e-02 -2.655812203884124756e-01 -9.559090137481689453e-01 1.253179758787155151e-01 4.756821990013122559e-01 1.917091906070709229e-01 3.647254407405853271e-01 -7.991742342710494995e-02 -8.927556276321411133e-01 -2.867456078529357910e-01
2.620884962379932404e-02 -4.524074611254036427e-04 2.071252837777137756e-02 -1.531871408224105835e-01 -9.702706336975097656e-02 -9.834223389625549316e-01 9.551385641098022461e-01 -2.697896957397460938e-01 -1.221632286906242371e-01 -2.534640729427337646e-01 -9.580184221267700195e-01 1.340025961399078369e-01 4.902948737144470215e-01 2.135657072067260742e-01 3.606565892696380615e-01 1.387944072484970093e-02 -1.016617417335510254e+00 -2.645993828773498535e-01
3.054024465382099152e-02 1.605500699952244759e-03 2.011011168360710144e-02 -1.866801232099533081e-01 -1.026378646492958069e-01 -9.770445227622985840e-01 9.523055553436279297e-01 -2.632608413696289062e-01 -1.542979776859283447e-01 -2.413807362318038940e-01 -9.592493176460266113e-01 1.468881666660308838e-01 5.052832961082458496e-01 2.304922640323638916e-01 3.550652563571929932e-01 1.371355801820755005e-01 -1.113107562065124512e+00 -2.384005337953567505e-01
3.221630677580833435e-02 2.753185806795954704e-03 2.122231014072895050e-02 -2.217319756746292114e-01 -1.115752235054969788e-01 -9.687032103538513184e-01 9.475570917129516602e-01 -2.591328918933868408e-01 -1.870447844266891479e-01 -2.301533073186874390e-01 -9.593753814697265625e-01 1.631819307804107666e-01 5.118310451507568359e-01 2.608981728553771973e-01 3.423127830028533936e-01 2.572556436061859131e-01 -1.163902521133422852e+00 -1.837449818849563599e-01
3.394044190645217896e-02 3.039014525711536407e-03 2.017437107861042023e-02 -2.572432458400726318e-01 -1.234691962599754333e-01 -9.584264755249023438e-01 9.410204291343688965e-01 -2.575837373733520508e-01 -2.193882167339324951e-01 -2.197873890399932861e-01 -9.583349823951721191e-01 1.824487000703811646e-01 5.320565700531005859e-01 2.765154242515563965e-01 3.234812319278717041e-01 3.605592548847198486e-01 -1.188585281372070312e+00 -1.306799948215484619e-01
3.501111268997192383e-02 3.973777871578931808e-03 2.016438543796539307e-02 -2.918458580970764160e-01 -1.382004767656326294e-01 -9.464283585548400879e-01 9.329597353935241699e-01 -2.591546475887298584e-01 -2.498500198125839233e-01 -2.107418924570083618e-01 -9.558972120285034180e-01 2.045686841011047363e-01 5.512927174568176270e-01 3.001207709312438965e-01 3.159627020359039307e-01 4.747304618358612061e-01 -1.167812108993530273e+00 -6.396557390689849854e-02
3.980097547173500061e-02 4.924525041133165359e-03 1.869370043277740479e-02 -3.253654241561889648e-01 -1.550536006689071655e-01 -9.327892065048217773e-01 9.235902428627014160e-01 -2.636533975601196289e-01 -2.783307433128356934e-01 -2.027768641710281372e-01 -9.520741701126098633e-01 2.289896905422210693e-01 5.651409626007080078e-01 3.211244940757751465e-01 2.840743064880371094e-01 5.665372014045715332e-01 -1.137506127357482910e+00 -7.033274509012699127e-03
4.070181399583816528e-02 5.834829062223434448e-03 1.844344846904277802e-02 -3.587582111358642578e-01 -1.725556552410125732e-01 -9.173424243927001953e-01 9.127794504165649414e-01 -2.704326212406158447e-01 -3.061043024063110352e-01 -1.952592730522155762e-01 -9.471487402915954590e-01 2.545251846313476562e-01 5.713278651237487793e-01 3.421206772327423096e-01 2.647207081317901611e-01 6.167374253273010254e-01 -1.140763044357299805e+00 3.764515370130538940e-02
4.159390553832054138e-02 8.592924103140830994e-03 1.756739988923072815e-02 -3.923234641551971436e-01 -1.901623457670211792e-01 -8.999558687210083008e-01 9.005006551742553711e-01 -2.789123356342315674e-01 -3.336262702941894531e-01 -1.875656396150588989e-01 -9.413002729415893555e-01 2.806651592254638672e-01 5.899822115898132324e-01 3.634394705295562744e-01 2.387550026178359985e-01 6.464142203330993652e-01 -1.163461804389953613e+00 6.971222907304763794e-02
4.411270096898078918e-02 8.074023760855197906e-03 1.568988896906375885e-02 -4.257030487060546875e-01 -2.076611071825027466e-01 -8.807120919227600098e-01 8.867926597595214844e-01 -2.892887592315673828e-01 -3.604314327239990234e-01 -1.799325197935104370e-01 -9.344457387924194336e-01 3.073034584522247314e-01 6.009159684181213379e-01 3.812397420406341553e-01 2.059907466173171997e-01 6.722232103347778320e-01 -1.167696714401245117e+00 1.092628613114356995e-01
4.779214039444923401e-02 1.029152888804674149e-02 1.383239217102527618e-02 -4.581071138381958008e-01 -2.252571582794189453e-01 -8.598819971084594727e-01 8.720394968986511230e-01 -3.013896942138671875e-01 -3.856311738491058350e-01 -1.722933948040008545e-01 -9.265114665031433105e-01 3.345018923282623291e-01 6.150775551795959473e-01 3.939934670925140381e-01 1.674083471298217773e-01 7.103794217109680176e-01 -1.151312232017517090e+00 1.329902559518814087e-01
4.777411743998527527e-02 9.639397263526916504e-03 1.248520333319902420e-02 -4.894039928913116455e-01 -2.429009228944778442e-01 -8.375457525253295898e-01 8.563985228538513184e-01 -3.150560855865478516e-01 -4.090492129325866699e-01 -1.645154654979705811e-01 -9.174632430076599121e-01 3.622096776962280273e-01 6.265638470649719238e-01 4.138368368148803711e-01 1.363918185234069824e-01 7.487689256668090820e-01 -1.131020069122314453e+00 1.586902737617492676e-01
4.954646527767181396e-02 1.224584318697452545e-02 1.035326346755027771e-02 -5.200042128562927246e-01 -2.599352002143859863e-01 -8.136518597602844238e-01 8.397391438484191895e-01 -3.298946321010589600e-01 -4.312860369682312012e-01 -1.563129425048828125e-01 -9.075258970260620117e-01 3.898243606090545654e-01 6.324101686477661133e-01 4.256582856178283691e-01 1.030435711145401001e-01 7.644353508949279785e-01 -1.126650452613830566e+00 1.782016903162002563e-01
5.418177694082260132e-02 1.378315966576337814e-02 7.031272631138563156e-03 -5.497241616249084473e-01 -2.761789560317993164e-01 -7.883707880973815918e-01 8.222168087959289551e-01 -3.455602228641510010e-01 -4.522694051265716553e-01 -1.475223004817962646e-01 -8.968351483345031738e-01 4.170417785644531250e-01 6.347124576568603516e-01 4.426441788673400879e-01 6.489694863557815552e-02 7.737220525741577148e-01 -1.115080952644348145e+00 1.892174631357192993e-01
5.659537389874458313e-02 1.428055483847856522e-02 7.147768978029489517e-03 -5.783681869506835938e-01 -2.915530800819396973e-01 -7.618970274925231934e-01 8.039752840995788574e-01 -3.619967103004455566e-01 -4.717861413955688477e-01 -1.382535099983215332e-01 -8.854124546051025391e-01 4.437688291072845459e-01 6.440450549125671387e-01 4.481989145278930664e-01 2.464786916971206665e-02 7.771136760711669922e-01 -1.101336359977722168e+00 2.022279649972915649e-01
5.477929860353469849e-02 1.321390364319086075e-02 3.544493578374385834e-03 -6.058297753334045410e-01 -3.061116337776184082e-01 -7.343473434448242188e-01 7.851800322532653809e-01 -3.789033591747283936e-01 -4.898209571838378906e-01 -1.283067613840103149e-01 -8.733429312705993652e-01 4.699036777019500732e-01 6.567021608352661133e-01 4.599479436874389648e-01 -1.735113561153411865e-02 7.788704633712768555e-01 -1.087568640708923340e+00 2.029276937246322632e-01
5.891241878271102905e-02 1.609360426664352417e-02 1.509731751866638660e-03 -6.320528388023376465e-01 -3.198071420192718506e-01 -7.058559656143188477e-01 7.659527063369750977e-01 -3.960342705249786377e-01 -5.064319372177124023e-01 -1.175825968384742737e-01 -8.607439994812011719e-01 4.952717125415802002e-01 6.520313024520874023e-01 4.699675738811492920e-01 -5.474890023469924927e-02 7.778612971305847168e-01 -1.073275804519653320e+00 2.033759504556655884e-01
6.019492074847221375e-02 1.730300858616828918e-02 6.175969610922038555e-04 -6.569519639015197754e-01 -3.325507938861846924e-01 -6.766269803047180176e-01 7.464413046836853027e-01 -4.130938947200775146e-01 -5.217075347900390625e-01 -1.060162261128425598e-01 -8.477991223335266113e-01 5.196124911308288574e-01 6.573978662490844727e-01 4.720185697078704834e-01 -9.270751476287841797e-02 7.712073922157287598e-01 -1.053411245346069336e+00 1.963234394788742065e-01
6.313977390527725220e-02 1.862082444131374359e-02 -3.528821747750043869e-03 -6.804010272026062012e-01 -3.443903326988220215e-01 -6.468769311904907227e-01 7.268300056457519531e-01 -4.299402832984924316e-01 -5.356020331382751465e-01 -9.366229921579360962e-02 -8.345937132835388184e-01 5.428450107574462891e-01 6.531799435615539551e-01 4.821922481060028076e-01 -1.339867413043975830e-01 7.536556720733642578e-01 -1.033919095993041992e+00 1.841228157281875610e-01
6.415010243654251099e-02 1.685240305960178375e-02 -5.144213326275348663e-03 -7.022584676742553711e-01 -3.552981615066528320e-01 -6.169248223304748535e-01 7.073431015014648438e-01 -4.463467597961425781e-01 -5.481243729591369629e-01 -8.061483502388000488e-02 -8.213024735450744629e-01 5.647684931755065918e-01 6.474943161010742188e-01 4.896660149097442627e-01 -1.689920425415039062e-01 7.364618182182312012e-01 -1.004477381706237793e+00 1.704148352146148682e-01
6.554114818572998047e-02 1.866462081670761108e-02 -9.182823821902275085e-03 -7.224590182304382324e-01 -3.653631508350372314e-01 -5.869946479797363281e-01 6.881541609764099121e-01 -4.623085260391235352e-01 -5.592089891433715820e-01 -6.705828756093978882e-02 -8.079484105110168457e-01 5.854251384735107422e-01 6.540946364402770996e-01 5.009714961051940918e-01 -2.095821201801300049e-01 7.189258337020874023e-01 -9.754905104637145996e-01 1.543889045715332031e-01
6.664175540208816528e-02 1.923371478915214539e-02 -1.153216604143381119e-02 -7.408477067947387695e-01 -3.746575713157653809e-01 -5.574731826782226562e-01 6.695621609687805176e-01 -4.776937961578369141e-01 -5.687663555145263672e-01 -5.320885404944419861e-02 -7.946321964263916016e-01 6.047549247741699219e-01 6.417532563209533691e-01 5.029823184013366699e-01 -2.467334568500518799e-01 7.007665038108825684e-01 -9.295005798339843750e-01 1.408387571573257446e-01
6.792314350605010986e-02 1.977359503507614136e-02 -1.486012432724237442e-02 -7.575582861900329590e-01 -3.832817077636718750e-01 -5.283943414688110352e-01 6.515898704528808594e-01 -4.926102757453918457e-01 -5.768585801124572754e-01 -3.919313848018646240e-02 -7.813003659248352051e-01 6.229234337806701660e-01 6.432275176048278809e-01 5.018457770347595215e-01 -2.928058505058288574e-01 6.803490519523620605e-01 -8.898127079010009766e-01 1.288255900144577026e-01
6.918989121913909912e-02 2.105484902858734131e-02 -1.875579357147216797e-02 -7.727357745170593262e-01 -3.915284276008605957e-01 -4.995847642421722412e-01 6.342292428016662598e-01 -5.074750781059265137e-01 -5.832857489585876465e-01 -2.515386790037155151e-02 -7.675770521163940430e-01 6.404629349708557129e-01 6.384049654006958008e-01 5.106157660484313965e-01 -3.201923668384552002e-01 6.833839416503906250e-01 -8.517169952392578125e-01 1.179213002324104309e-01
7.077903300523757935e-02 2.232198417186737061e-02 -2.017348445951938629e-02 -7.864088416099548340e-01 -3.995076715946197510e-01 -4.711207151412963867e-01 6.175976395606994629e-01 -5.228362679481506348e-01 -5.875503420829772949e-01 -1.158812083303928375e-02 -7.530178427696228027e-01 6.578980684280395508e-01 6.294117569923400879e-01 5.125723481178283691e-01 -3.576327562332153320e-01 7.106809616088867188e-01 -8.046084642410278320e-01 1.165894642472267151e-01
7.215587794780731201e-02 2.320447191596031189e-02 -2.509553171694278717e-02 -7.989456653594970703e-01 -4.075108468532562256e-01 -4.422903358936309814e-01 6.013994812965393066e-01 -5.387735366821289062e-01 -5.899506211280822754e-01 2.116916235536336899e-03 -7.373316287994384766e-01 6.755276322364807129e-01 6.206011176109313965e-01 5.112952589988708496e-01 -3.877657949924468994e-01 7.496490478515625000e-01 -7.756232023239135742e-01 1.105524525046348572e-01
7.220412045717239380e-02 2.365511469542980194e-02 -2.665621973574161530e-02 -8.103658556938171387e-01 -4.158389866352081299e-01 -4.127773046493530273e-01 5.856940746307373047e-01 -5.551609992980957031e-01 -5.905579328536987305e-01 1.641916856169700623e-02 -7.203292250633239746e-01 6.934379339218139648e-01 6.042563915252685547e-01 5.167578458786010742e-01 -4.248360395431518555e-01 7.931610941886901855e-01 -7.614503502845764160e-01 8.996426314115524292e-02
7.378681004047393799e-02 2.415855973958969116e-02 -3.029486350715160370e-02 -8.206358551979064941e-01 -4.248781800270080566e-01 -3.821456730365753174e-01 5.705636143684387207e-01 -5.719372034072875977e-01 -5.893598794937133789e-01 3.184282034635543823e-02 -7.016882300376892090e-01 7.117722034454345703e-01 6.033824086189270020e-01 5.118263959884643555e-01 -4.584970176219940186e-01 8.464095592498779297e-01 -7.593812942504882812e-01 5.882608890533447266e-02
7.465655356645584106e-02 2.313275448977947235e-02 -3.462909907102584839e-02 -8.298714160919189453e-01 -4.346714317798614502e-01 -3.498202264308929443e-01 5.558112263679504395e-01 -5.891191959381103516e-01 -5.865257382392883301e-01 4.886016249656677246e-02 -6.811749339103698730e-01 7.304884791374206543e-01 5.876938104629516602e-01 5.059748291969299316e-01 -4.869070649147033691e-01 9.081955552101135254e-01 -7.715999484062194824e-01 2.846465446054935455e-02
7.505676150321960449e-02 2.394796162843704224e-02 -3.779853135347366333e-02 -8.378603458404541016e-01 -4.447674751281738281e-01 -3.164995312690734863e-01 5.417861342430114746e-01 -6.066192388534545898e-01 -5.817911028861999512e-01 6.676705926656723022e-02 -6.589347720146179199e-01 7.492310404777526855e-01 5.765755176544189453e-01 5.052866935729980469e-01 -5.229137539863586426e-01 9.555001854896545410e-01 -7.674219012260437012e-01 -1.050646533258259296e-03
7.595450431108474731e-02 2.394500002264976501e-02 -4.182057455182075500e-02 -8.443818688392639160e-01 -4.543215334415435791e-01 -2.839211225509643555e-01 5.290976166725158691e-01 -6.239703297615051270e-01 -5.750797390937805176e-01 8.411276340484619141e-02 -6.358088850975036621e-01 7.672497034072875977e-01 5.632190108299255371e-01 5.018891096115112305e-01 -5.589689612388610840e-01 9.683138132095336914e-01 -7.137200236320495605e-01 -1.474204845726490021e-02
7.464206218719482422e-02 2.367573976516723633e-02 -4.591381922364234924e-02 -8.494475483894348145e-01 -4.627436101436614990e-01 -2.535886764526367188e-01 5.181313753128051758e-01 -6.404756903648376465e-01 -5.668604373931884766e-01 9.989363700151443481e-02 -6.129104495048522949e-01 7.838125228881835938e-01 5.538609027862548828e-01 4.912316203117370605e-01 -5.759168267250061035e-01 9.367964267730712891e-01 -6.321352720260620117e-01 -1.719664782285690308e-02
7.510191202163696289e-02 2.372489497065544128e-02 -4.984216019511222839e-02 -8.532730340957641602e-01 -4.703891873359680176e-01 -2.250757962465286255e-01 5.087307691574096680e-01 -6.561021208763122559e-01 -5.574253201484680176e-01 1.145341545343399048e-01 -5.901390314102172852e-01 7.991356849670410156e-01 5.335189700126647949e-01 4.878197610378265381e-01 -6.038648486137390137e-01 9.118357300758361816e-01 -5.662940144538879395e-01 -2.756558917462825775e-02
7.774077355861663818e-02 2.370145916938781738e-02 -5.189083144068717957e-02 -8.562062382698059082e-01 -4.773644208908081055e-01 -1.975704133510589600e-01 5.003238916397094727e-01 -6.708175539970397949e-01 -5.474301576614379883e-01 1.287899762392044067e-01 -5.675622820854187012e-01 8.131950497627258301e-01 5.212292671203613281e-01 4.786343872547149658e-01 -6.189531087875366211e-01 8.871565461158752441e-01 -5.337936878204345703e-01 -3.934878855943679810e-02
7.708931714296340942e-02 2.279880642890930176e-02 -5.635959655046463013e-02 -8.581582903861999512e-01 -4.841249883174896240e-01 -1.708429157733917236e-01 4.930583834648132324e-01 -6.844942569732666016e-01 -5.369926095008850098e-01 1.430305689573287964e-01 -5.450602173805236816e-01 8.261063098907470703e-01 5.066370368003845215e-01 4.747614562511444092e-01 -6.346055269241333008e-01 8.627599477767944336e-01 -5.047439336776733398e-01 -6.460234522819519043e-02
7.827276736497879028e-02 2.254821732640266418e-02 -5.957439541816711426e-02 -8.593338727951049805e-01 -4.905219972133636475e-01 -1.446840465068817139e-01 4.867374598979949951e-01 -6.976347565650939941e-01 -5.257303714752197266e-01 1.569457054138183594e-01 -5.222010612487792969e-01 8.382565975189208984e-01 4.923062026500701904e-01 4.675256013870239258e-01 -6.476745605468750000e-01 8.586192727088928223e-01 -4.810893535614013672e-01 -8.038115501403808594e-02
7.651424407958984375e-02 2.269095182418823242e-02 -6.360035389661788940e-02 -8.603160977363586426e-01 -4.956637918949127197e-01 -1.190531104803085327e-01 4.805533587932586670e-01 -7.106757164001464844e-01 -5.138176083564758301e-01 1.700726300477981567e-01 -4.992569088935852051e-01 8.495986461639404297e-01 4.838027656078338623e-01 4.576510787010192871e-01 -6.542935967445373535e-01 8.545905351638793945e-01 -4.584105014801025391e-01 -5.977405980229377747e-02
7.878668606281280518e-02 2.185139060020446777e-02 -6.499207019805908203e-02 -8.607564568519592285e-01 -5.002722740173339844e-01 -9.394690394401550293e-02 4.751310050487518311e-01 -7.234361171722412109e-01 -5.008899569511413574e-01 1.826167702674865723e-01 -4.757813215255737305e-01 8.603971600532531738e-01 4.719342887401580811e-01 4.516022503376007080e-01 -6.507547497749328613e-01 8.617913126945495605e-01 -4.311040341854095459e-01 -6.370428204536437988e-02
7.915005832910537720e-02 2.171135134994983673e-02 -6.837519258260726929e-02 -8.609597086906433105e-01 -5.039838552474975586e-01 -6.891036033630371094e-02 4.700161814689636230e-01 -7.363950610160827637e-01 -4.866282641887664795e-01 1.945075541734695435e-01 -4.513563215732574463e-01 8.708870410919189453e-01 4.529103636741638184e-01 4.466170072555541992e-01 -6.567114591598510742e-01 8.859813809394836426e-01 -4.076088666915893555e-01 -5.432452633976936340e-02
7.764063775539398193e-02 2.004374936223030090e-02 -7.289526611566543579e-02 -8.610010147094726562e-01 -5.066316127777099609e-01 -4.473955184221267700e-02 4.653072059154510498e-01 -7.491374015808105469e-01 -4.714682996273040771e-01 2.053446769714355469e-01 -4.267523288726806641e-01 8.807474374771118164e-01 4.377949237823486328e-01 4.359295070171356201e-01 -6.563047766685485840e-01 8.860194683074951172e-01 -3.716214895248413086e-01 -3.592088073492050171e-02
7.922032475471496582e-02 1.990160718560218811e-02 -7.699172198772430420e-02 -8.608891367912292480e-01 -5.082890391349792480e-01 -2.263135462999343872e-02 4.615649282932281494e-01 -7.614906430244445801e-01 -4.550712406635284424e-01 2.140741646289825439e-01 -4.022117257118225098e-01 8.901674151420593262e-01 4.369391500949859619e-01 4.204908013343811035e-01 -6.469269990921020508e-01 8.771108388900756836e-01 -2.999543249607086182e-01 -2.455054782330989838e-02
7.899846136569976807e-02 1.907192356884479523e-02 -7.737455517053604126e-02 -8.607550859451293945e-01 -5.090095400810241699e-01 -3.158304840326309204e-03 4.586701095104217529e-01 -7.729086875915527344e-01 -4.384448528289794922e-01 2.207315266132354736e-01 -3.788422644138336182e-01 8.987525701522827148e-01 4.211224317550659180e-01 4.153948724269866943e-01 -6.402964591979980469e-01 8.292613029479980469e-01 -2.330460548400878906e-01 -1.430120691657066345e-02
7.864770293235778809e-02 1.816115714609622955e-02 -7.957466691732406616e-02 -8.606614470481872559e-01 -5.089370012283325195e-01 1.565348543226718903e-02 4.556908011436462402e-01 -7.836047410964965820e-01 -4.222671091556549072e-01 2.271735072135925293e-01 -3.562958836555480957e-01 9.063362479209899902e-01 4.120218157768249512e-01 4.090802073478698730e-01 -6.284314393997192383e-01 7.949613928794860840e-01 -2.247144430875778198e-01 -4.290231969207525253e-03
7.986409217119216919e-02 1.778591983020305634e-02 -8.239029347896575928e-02 -8.605826497077941895e-01 -5.080885291099548340e-01 3.526396304368972778e-02 4.520888328552246094e-01 -7.939473390579223633e-01 -4.065259397029876709e-01 2.345488965511322021e-01 -3.339067399501800537e-01 9.129584431648254395e-01 4.061670005321502686e-01 3.961471617221832275e-01 -6.217391490936279297e-01 7.854046821594238281e-01 -2.603855133056640625e-01 7.174600847065448761e-03
8.032160252332687378e-02 1.552151702344417572e-02 -8.644070476293563843e-02 -8.602726459503173828e-01 -5.067014098167419434e-01 5.643279105424880981e-02 4.479815661907196045e-01 -8.041038513183593750e-01 -3.908061683177947998e-01 2.433998733758926392e-01 -3.109190165996551514e-01 9.187414646148681641e-01 3.945977985858917236e-01 3.873028159141540527e-01 -6.179923415184020996e-01 7.968957424163818359e-01 -3.110040128231048584e-01 7.577932439744472504e-03
8.095136284828186035e-02 1.559808570891618729e-02 -8.717697858810424805e-02 -8.598236441612243652e-01 -5.046384930610656738e-01 7.773863524198532104e-02 4.437913298606872559e-01 -8.139120340347290039e-01 -3.749619722366333008e-01 2.524926662445068359e-01 -2.879014313220977783e-01 9.237749576568603516e-01 3.836524784564971924e-01 3.780371248722076416e-01 -6.045209765434265137e-01 7.996070981025695801e-01 -3.192026317119598389e-01 1.656910777091979980e-02
8.092690259218215942e-02 1.271189562976360321e-02 -9.119474887847900391e-02 -8.592334389686584473e-01 -5.019283890724182129e-01 9.892305731773376465e-02 4.395505487918853760e-01 -8.232517838478088379e-01 -3.592378497123718262e-01 2.617502510547637939e-01 -2.651875019073486328e-01 9.279883503913879395e-01 3.738200366497039795e-01 3.737863302230834961e-01 -5.841746926307678223e-01 7.867231369018554688e-01 -3.266040384769439697e-01 2.127859368920326233e-02
8.063708990812301636e-02 1.272335648536682129e-02 -9.511888027191162109e-02 -8.584842681884765625e-01 -4.986603856086730957e-01 1.197607517242431641e-01 4.351800382137298584e-01 -8.318954706192016602e-01 -3.443374633789062500e-01 2.713358700275421143e-01 -2.434907853603363037e-01 9.311761856079101562e-01 3.627545237541198730e-01 3.615627288818359375e-01 -5.816258788108825684e-01 7.474805712699890137e-01 -3.359833657741546631e-01 2.782400697469711304e-02
8.018688112497329712e-02 1.064077299088239670e-02 -9.569061547517776489e-02 -8.579118251800537109e-01 -4.945706427097320557e-01 1.392379999160766602e-01 4.306479990482330322e-01 -8.399718999862670898e-01 -3.301355838775634766e-01 2.802313864231109619e-01 -2.232646644115447998e-01 9.336076378822326660e-01 3.514415919780731201e-01 3.549250364303588867e-01 -5.641855597496032715e-01 7.063027024269104004e-01 -3.151615262031555176e-01 4.614380374550819397e-02
8.036232739686965942e-02 9.490189142525196075e-03 -9.817834198474884033e-02 -8.578618168830871582e-01 -4.887658655643463135e-01 1.586854755878448486e-01 4.248926937580108643e-01 -8.483251929283142090e-01 -3.159281015396118164e-01 2.890317440032958984e-01 -2.035983502864837646e-01 9.354188442230224609e-01 3.482512831687927246e-01 3.442234098911285400e-01 -5.527844429016113281e-01 7.021000385284423828e-01 -3.217330873012542725e-01 9.287679940462112427e-02
8.021588623523712158e-02 8.943267166614532471e-03 -9.979658573865890503e-02 -8.580085635185241699e-01 -4.816283583641052246e-01 1.784809380769729614e-01 4.179965555667877197e-01 -8.566759228706359863e-01 -3.023000061511993408e-01 2.984965741634368896e-01 -1.847715824842453003e-01 9.363542199134826660e-01 3.373374342918395996e-01 3.351676166057586670e-01 -5.357593894004821777e-01 6.805893778800964355e-01 -3.514378964900970459e-01 1.293445974588394165e-01
7.898337393999099731e-02 6.683955900371074677e-03 -1.038732901215553284e-01 -8.581156730651855469e-01 -4.732310473918914795e-01 1.992231160402297974e-01 4.099338054656982422e-01 -8.650682568550109863e-01 -2.891559004783630371e-01 3.091791570186614990e-01 -1.664609163999557495e-01 9.363220930099487305e-01 3.267532587051391602e-01 3.202795088291168213e-01 -5.176446437835693359e-01 6.782053709030151367e-01 -3.962019085884094238e-01 1.628627181053161621e-01
8.016679435968399048e-02 3.298597410321235657e-03 -1.062210351228713989e-01 -8.582159876823425293e-01 -4.637840092182159424e-01 2.199312001466751099e-01 4.009596407413482666e-01 -8.732555508613586426e-01 -2.768683433532714844e-01 3.204632401466369629e-01 -1.494292914867401123e-01 9.354005455970764160e-01 3.163847029209136963e-01 3.124807476997375488e-01 -5.071564316749572754e-01 6.457622051239013672e-01 -4.146012961864471436e-01 1.925302296876907349e-01
7.979520410299301147e-02 2.859900705516338348e-03 -1.086002141237258911e-01 -8.582797646522521973e-01 -4.537111222743988037e-01 2.397959381341934204e-01 3.913413584232330322e-01 -8.809337019920349121e-01 -2.660972476005554199e-01 3.319756090641021729e-01 -1.345437914133071899e-01 9.336435198783874512e-01 3.061261475086212158e-01 3.072106540203094482e-01 -4.844650626182556152e-01 5.843638777732849121e-01 -4.241947531700134277e-01 2.177111059427261353e-01
7.896345853805541992e-02 1.361346105113625526e-03 -1.102987080812454224e-01 -8.586209416389465332e-01 -4.427616298198699951e-01 2.583257257938385010e-01 3.807473182678222656e-01 -8.882660865783691406e-01 -2.569335103034973145e-01 3.432222902774810791e-01 -1.222516819834709167e-01 9.312641620635986328e-01 2.964073121547698975e-01 3.086040914058685303e-01 -4.705690443515777588e-01 5.119208693504333496e-01 -4.187015593051910400e-01 2.568810880184173584e-01
7.732267677783966064e-02 -5.162341403774917126e-04 -1.131824254989624023e-01 -8.596766591072082520e-01 -4.313150346279144287e-01 2.737213671207427979e-01 3.696172833442687988e-01 -8.950545191764831543e-01 -2.495205700397491455e-01 3.526175022125244141e-01 -1.133348569273948669e-01 9.288789629936218262e-01 2.925515174865722656e-01 2.995041608810424805e-01 -4.564490914344787598e-01 4.158580601215362549e-01 -3.620979785919189453e-01 2.951489686965942383e-01
7.727868109941482544e-02 -2.378921955823898315e-03 -1.141950711607933044e-01 -8.616123795509338379e-01 -4.190115034580230713e-01 2.864497900009155273e-01 3.577737808227539062e-01 -9.016863107681274414e-01 -2.428161799907684326e-01 3.600306212902069092e-01 -1.067292019724845886e-01 9.268153905868530273e-01 2.762522101402282715e-01 2.916627526283264160e-01 -4.290786981582641602e-01 3.575218319892883301e-01 -2.959369719028472900e-01 3.382623195648193359e-01
7.713214308023452759e-02 -1.973303733393549919e-03 -1.146389394998550415e-01 -8.641598820686340332e-01 -4.053669869899749756e-01 2.981698811054229736e-01 3.446837663650512695e-01 -9.085211753845214844e-01 -2.361828684806823730e-01 3.666343986988067627e-01 -1.013254448771476746e-01 9.248309731483459473e-01 2.722208797931671143e-01 2.816418409347534180e-01 -4.048306941986083984e-01 3.374573290348052979e-01 -2.691417038440704346e-01 3.876185417175292969e-01
7.634506374597549438e-02 -4.804768133908510208e-03 -1.174788028001785278e-01 -8.674212098121643066e-01 -3.909205198287963867e-01 3.078337311744689941e-01 3.307940661907196045e-01 -9.152157306671142578e-01 -2.301204502582550049e-01 3.716930747032165527e-01 -9.778179228305816650e-02 9.231917262077331543e-01 2.771860063076019287e-01 2.831648290157318115e-01 -3.872735798358917236e-01 2.952095270156860352e-01 -2.209287136793136597e-01 4.283733665943145752e-01
7.634031772613525391e-02 -6.139485631138086319e-03 -1.179593577980995178e-01 -8.711001276969909668e-01 -3.756612241268157959e-01 3.163276314735412598e-01 3.160341084003448486e-01 -9.218198657035827637e-01 -2.244338989257812500e-01 3.759081959724426270e-01 -9.553408622741699219e-02 9.217191934585571289e-01 2.661258578300476074e-01 2.769996821880340576e-01 -3.602558970451354980e-01 2.646516263484954834e-01 -1.928571015596389771e-01 4.604206085205078125e-01
