-5.843352410010993481e-04 3.896697890013456345e-04 -1.660684347152709961e-01 4.528191089630126953e-01 8.916023969650268555e-01 0.000000000000000000e+00 -8.916023969650268555e-01 4.528191089630126953e-01 -0.000000000000000000e+00 -0.000000000000000000e+00 0.000000000000000000e+00 1.000000000000000000e+00 -1.205584499984979630e-03 -3.331643994897603989e-03 -1.345653086900711060e-03 2.052376279607415199e-03 -1.450691052014008164e-04 -3.436740371398627758e-04
9.723629045765846968e-05 -7.290695211850106716e-04 -1.675192564725875854e-01 4.528425633907318115e-01 8.915904760360717773e-01 4.717790579888969660e-05 -8.915904760360717773e-01 4.528425633907318115e-01 -1.624750439077615738e-05 -3.585028389352373779e-05 -3.470581214060075581e-05 1.000000000000000000e+00 2.685486571863293648e-03 1.481339801102876663e-03 -1.672478765249252319e-02 -1.533735310658812523e-03 1.806261570891365409e-04 2.441983204334974289e-03
-1.007199403829872608e-03 1.138414023444056511e-03 -1.649300903081893921e-01 4.529415965080261230e-01 8.915401697158813477e-01 2.410636516287922859e-04 -8.915401697158813477e-01 4.529416263103485107e-01 -8.304692892124876380e-05 -1.832274283515289426e-04 -1.773025142028927803e-04 9.999999403953552246e-01 2.672252245247364044e-03 -1.006321981549263000e-03 -3.051129169762134552e-02 -2.941560698673129082e-03 3.486382076516747475e-03 2.732126507908105850e-03
-6.935675628483295441e-04 -1.051633036695420742e-03 -1.659272462129592896e-01 4.531800448894500732e-01 8.914187550544738770e-01 6.859804852865636349e-04 -8.914188742637634277e-01 4.531802833080291748e-01 -2.363551320740953088e-04 -5.215642158873379230e-04 -5.043845158070325851e-04 9.999997615814208984e-01 1.193067058920860291e-03 3.043302800506353378e-03 -4.120231047272682190e-02 -1.210667565464973450e-02 1.098604965955018997e-02 1.062974985688924789e-02
1.492495182901620865e-03 -1.425582915544509888e-03 -1.666956245899200439e-01 4.536171555519104004e-01 8.911954164505004883e-01 1.472330302931368351e-03 -8.911959528923034668e-01 4.536182582378387451e-01 -5.074077052995562553e-04 -1.120075350627303123e-03 -1.081965980120003223e-03 9.999988079071044922e-01 -6.595363083761185408e-05 -1.378189073875546455e-03 -4.996397346258163452e-02 -1.688648760318756104e-02 1.947335340082645416e-02 1.640110090374946594e-02
-6.059141014702618122e-04 8.917861850932240486e-04 -1.661359220743179321e-01 4.543001353740692139e-01 8.908447623252868652e-01 2.645900007337331772e-03 -8.908464312553405762e-01 4.543036818504333496e-01 -9.117772569879889488e-04 -2.014294266700744629e-03 -1.942870090715587139e-03 9.999960660934448242e-01 2.150479936972260475e-03 2.505748707335442305e-04 -5.303289368748664856e-02 -2.824384719133377075e-02 2.903866581618785858e-02 2.479698508977890015e-02
7.492823642678558826e-04 2.278059982927516103e-04 -1.679583191871643066e-01 4.552518129348754883e-01 8.903529047966003418e-01 4.186154808849096298e-03 -8.903570175170898438e-01 4.552607238292694092e-01 -1.444419729523360729e-03 -3.191835014149546623e-03 -3.069597529247403145e-03 9.999901652336120605e-01 -3.504569642245769501e-03 -3.020645817741751671e-03 -5.487710237503051758e-02 -3.752678632736206055e-02 3.482722491025924683e-02 3.444145247340202332e-02
5.863189580850303173e-04 1.402959343977272511e-03 -1.671451926231384277e-01 4.564758241176605225e-01 8.897151350975036621e-01 6.066213361918926239e-03 -8.897237181663513184e-01 4.564945399761199951e-01 -2.099999459460377693e-03 -4.637594800442457199e-03 -4.438654985278844833e-03 9.999793767929077148e-01 9.969864040613174438e-04 -5.551942158490419388e-04 -5.491274222731590271e-02 -4.479949548840522766e-02 4.693193361163139343e-02 4.272728040814399719e-02
-4.210052065900526941e-05 5.558115663006901741e-04 -1.688601374626159668e-01 4.579657316207885742e-01 8.889317512512207031e-01 8.232356049120426178e-03 -8.889473676681518555e-01 4.580003619194030762e-01 -2.867862116545438766e-03 -6.319755688309669495e-03 -6.004748865962028503e-03 9.999619722366333008e-01 -6.514991400763392448e-04 -6.446501938626170158e-04 -5.308563262224197388e-02 -5.233694985508918762e-02 5.171954631805419922e-02 5.207472667098045349e-02
8.897435618564486504e-04 1.517172204330563545e-03 -1.671626269817352295e-01 4.596980214118957520e-01 8.880115151405334473e-01 1.064436696469783783e-02 -8.880372047424316406e-01 4.597563147544860840e-01 -3.753976430743932724e-03 -8.227389305830001831e-03 -7.726897951215505600e-03 9.999362826347351074e-01 8.793716551735997200e-04 -3.134946455247700214e-04 -4.418972879648208618e-02 -5.399456992745399475e-02 6.072942167520523071e-02 6.289163976907730103e-02
1.222515711560845375e-03 2.217374742031097412e-03 -1.681248694658279419e-01 4.616295695304870605e-01 8.869737386703491211e-01 1.325609628111124039e-02 -8.870121240615844727e-01 4.617212116718292236e-01 -4.796499386429786682e-03 -1.037499029189348221e-02 -9.544111788272857666e-03 9.999006390571594238e-01 -3.334284119773656130e-04 9.947403304977342486e-05 -3.482196852564811707e-02 -5.938282236456871033e-02 6.689789146184921265e-02 6.982612609863281250e-02
2.769477432593703270e-03 2.682800171896815300e-03 -1.672554612159729004e-01 4.636954367160797119e-01 8.858500123023986816e-01 1.600855402648448944e-02 -8.859019875526428223e-01 4.638325572013854980e-01 -6.082928739488124847e-03 -1.281385123729705811e-02 -1.136138383299112320e-02 9.998533725738525391e-01 3.232405288144946098e-03 -3.184795496053993702e-04 -2.710957080125808716e-02 -5.933950841426849365e-02 7.441657036542892456e-02 7.510889321565628052e-02
2.789475955069065094e-03 2.571952762082219124e-03 -1.676974743604660034e-01 4.658121764659881592e-01 8.846831321716308594e-01 1.883576996624469757e-02 -8.847458958625793457e-01 4.660097062587738037e-01 -7.724592927843332291e-03 -1.561146881431341171e-02 -1.306666061282157898e-02 9.997927546501159668e-01 -1.138563093263655901e-04 1.755556557327508926e-03 -9.609239175915718079e-03 -5.615088343620300293e-02 8.557988703250885010e-02 7.813929766416549683e-02
1.540379715152084827e-03 2.426030114293098450e-03 -1.670714318752288818e-01 4.678914844989776611e-01 8.835202455520629883e-01 2.166883647441864014e-02 -8.835849761962890625e-01 4.681672751903533936e-01 -9.846260771155357361e-03 -1.884401030838489532e-02 -1.453927718102931976e-02 9.997166991233825684e-01 -1.320487353950738907e-03 1.655960339121520519e-03 4.273655358701944351e-03 -4.651347920298576355e-02 1.039930805563926697e-01 7.516396790742874146e-02
3.614729503169655800e-03 2.808916382491588593e-03 -1.671304106712341309e-01 4.698958396911621094e-01 8.823830485343933105e-01 2.445450238883495331e-02 -8.824348449707031250e-01 4.702691733837127686e-01 -1.247592549771070480e-02 -2.250874415040016174e-02 -1.571711897850036621e-02 9.996231198310852051e-01 4.694269504398107529e-03 4.402394115459173918e-04 1.700567826628684998e-02 -3.850410878658294678e-02 1.147474646568298340e-01 7.561895996332168579e-02
3.916614223271608353e-03 2.366008237004280090e-03 -1.696636825799942017e-01 4.717845618724822998e-01 8.812961578369140625e-01 2.713650651276111603e-02 -8.813143968582153320e-01 4.722737669944763184e-01 -1.557109411805868149e-02 -2.653860673308372498e-02 -1.656959205865859985e-02 9.995104670524597168e-01 2.177006099373102188e-03 3.257071599364280701e-03 3.748419508337974548e-02 -2.981690503656864166e-02 1.247794851660728455e-01 6.975246220827102661e-02
6.016857922077178955e-03 1.912658335641026497e-03 -1.680849492549896240e-01 4.735740721225738525e-01 8.802563548088073730e-01 2.960418909788131714e-02 -8.802147507667541504e-01 4.741926789283752441e-01 -1.905933208763599396e-02 -3.081518784165382385e-02 -1.703204028308391571e-02 9.993799924850463867e-01 2.397006843239068985e-03 3.510828828439116478e-03 5.525604262948036194e-02 -1.702659763395786285e-02 1.359245330095291138e-01 6.905902922153472900e-02
4.706317093223333359e-03 3.812073497101664543e-03 -1.673582941293716431e-01 4.752841293811798096e-01 8.792615532875061035e-01 3.168852254748344421e-02 -8.791341781616210938e-01 4.760333895683288574e-01 -2.269931696355342865e-02 -3.504342958331108093e-02 -1.706983894109725952e-02 9.992399811744689941e-01 4.065128043293952942e-03 1.688843127340078354e-03 7.483216375112533569e-02 -4.920237231999635696e-03 1.318298727273941040e-01 6.264528632164001465e-02
6.191798020154237747e-03 3.451965283602476120e-03 -1.676865071058273315e-01 4.769605994224548340e-01 8.782976269721984863e-01 3.319484740495681763e-02 -8.780610561370849609e-01 4.778258502483367920e-01 -2.629170008003711700e-02 -3.895329311490058899e-02 -1.660699769854545593e-02 9.991030097007751465e-01 -1.677721971645951271e-03 -6.322322878986597061e-04 1.019395366311073303e-01 9.372289292514324188e-03 1.227347627282142639e-01 6.359932571649551392e-02
6.781843956559896469e-03 2.190348692238330841e-03 -1.672317385673522949e-01 4.784493744373321533e-01 8.774485588073730469e-01 3.420897200703620911e-02 -8.771001100540161133e-01 4.794061183929443359e-01 -2.941442281007766724e-02 -4.220963269472122192e-02 -1.593138091266155243e-02 9.989817738533020020e-01 4.160141106694936752e-03 1.324063050560653210e-03 1.168142333626747131e-01 2.090995572507381439e-02 1.060956045985221863e-01 5.586312338709831238e-02
7.802882231771945953e-03 3.326633945107460022e-03 -1.677636504173278809e-01 4.795203804969787598e-01 8.768362402915954590e-01 3.490584716200828552e-02 -8.764093518257141113e-01 4.805388748645782471e-01 -3.144939616322517395e-02 -4.434958845376968384e-02 -1.551118399947881699e-02 9.988956451416015625e-01 -4.355049168225377798e-04 1.856722752563655376e-03 1.364413201808929443e-01 1.299510803073644638e-02 6.415302306413650513e-02 3.969848528504371643e-02
7.622324861586093903e-03 1.929532038047909737e-03 -1.645900607109069824e-01 4.801966547966003418e-01 8.764517903327941895e-01 3.526274114847183228e-02 -8.759826421737670898e-01 4.812469184398651123e-01 -3.249330818653106689e-02 -4.544890299439430237e-02 -1.528637204319238663e-02 9.988496899604797363e-01 1.881241332739591599e-03 4.201936535537242889e-03 1.587865501642227173e-01 5.434098653495311737e-03 3.317470848560333252e-02 2.722773700952529907e-02
6.693235132843255997e-03 2.083863131701946259e-03 -1.654837131500244141e-01 4.805321693420410156e-01 8.762686848640441895e-01 3.524287417531013489e-02 -8.757902383804321289e-01 4.815842211246490479e-01 -3.268175199627876282e-02 -4.561040550470352173e-02 -1.516073290258646011e-02 9.988442659378051758e-01 2.239819848909974098e-03 2.481416799128055573e-03 1.827761828899383545e-01 5.672757979482412338e-03 4.651961382478475571e-03 1.280242949724197388e-02
8.408241905272006989e-03 2.784483600407838821e-03 -1.654383391141891479e-01 4.806070029735565186e-01 8.762427568435668945e-01 3.486397117376327515e-02 -8.757821917533874512e-01 4.816339612007141113e-01 -3.216027095913887024e-02 -4.497187584638595581e-02 -1.507679186761379242e-02 9.988744854927062988e-01 3.854528069496154785e-03 3.105895593762397766e-03 2.043747156858444214e-01 6.828737910836935043e-03 -1.823340728878974915e-02 3.125040326267480850e-03
7.842081598937511444e-03 2.565994393080472946e-03 -1.661589145660400391e-01 4.805089533329010010e-01 8.763244152069091797e-01 3.415622189640998840e-02 -8.759019374847412109e-01 4.814881086349487305e-01 -3.106431476771831512e-02 -4.366822913289070129e-02 -1.499081868678331375e-02 9.989336133003234863e-01 6.290223449468612671e-03 4.889401607215404510e-03 2.269387692213058472e-01 1.935568521730601788e-03 -4.356944188475608826e-02 -1.649185433052480221e-03
7.606476545333862305e-03 3.322663018479943275e-03 -1.643818169832229614e-01 4.803000986576080322e-01 8.764743208885192871e-01 3.323554620146751404e-02 -8.761019110679626465e-01 4.812176823616027832e-01 -2.957991883158683777e-02 -4.191957041621208191e-02 -1.491048838943243027e-02 9.990097284317016602e-01 7.037999574095010757e-03 5.166514776647090912e-03 2.506925165653228760e-01 4.237250890582799911e-03 -5.236015841364860535e-02 -9.650439023971557617e-03
6.502185016870498657e-03 3.339196089655160904e-03 -1.629955172538757324e-01 4.800750017166137695e-01 8.766348361968994141e-01 3.223988413810729980e-02 -8.763176202774047852e-01 4.809265136718750000e-01 -2.787625230848789215e-02 -3.994230926036834717e-02 -1.486968901008367538e-02 9.990913271903991699e-01 1.015832182019948959e-02 6.221991032361984253e-03 2.753678262233734131e-01 2.827263902872800827e-03 -6.235361844301223755e-02 -8.754182606935501099e-03
6.609573960304260254e-03 4.314391408115625381e-03 -1.633796691894531250e-01 4.798846542835235596e-01 8.767722845077514648e-01 3.132184967398643494e-02 -8.765079379081726074e-01 4.806751310825347900e-01 -2.617713995277881622e-02 -3.800702467560768127e-02 -1.489183958619832993e-02 9.991664886474609375e-01 6.777489557862281799e-03 8.695941418409347534e-03 2.982323765754699707e-01 1.516306190751492977e-03 -6.172869727015495300e-02 -8.176968432962894440e-03
7.113693282008171082e-03 2.402262762188911438e-03 -1.603205204010009766e-01 4.797506630420684814e-01 8.768723011016845703e-01 3.056645952165126801e-02 -8.766512870788574219e-01 4.804911911487579346e-01 -2.471193112432956696e-02 -3.635612130165100098e-02 -1.494056172668933868e-02 9.992272257804870605e-01 1.186619512736797333e-02 4.583272151648998260e-03 3.190017938613891602e-01 -5.578391137532889843e-04 -5.243417620658874512e-02 -5.316562484949827194e-03
5.297489464282989502e-03 1.518758246675133705e-03 -1.603454351425170898e-01 4.796822369098663330e-01 8.769290447235107422e-01 3.000599518418312073e-02 -8.767365813255310059e-01 4.803873598575592041e-01 -2.368505671620368958e-02 -3.518461808562278748e-02 -1.494605187326669693e-02 9.992690682411193848e-01 9.243068285286426544e-03 5.324217956513166428e-03 3.439576327800750732e-01 -2.044870750978589058e-03 -3.675488755106925964e-02 -5.261829122900962830e-03
6.639253348112106323e-03 3.433909267187118530e-03 -1.596121490001678467e-01 4.797199070453643799e-01 8.769213557243347168e-01 2.962648309767246246e-02 -8.767375349998474121e-01 4.804056286811828613e-01 -2.327364869415760040e-02 -3.464188799262046814e-02 -1.480981893837451935e-02 9.992900490760803223e-01 1.137128565460443497e-02 7.569308858364820480e-03 3.671028912067413330e-01 3.412728197872638702e-03 -1.712907664477825165e-02 1.508329296484589577e-03
5.070885643362998962e-03 1.563680358231067657e-03 -1.567456573247909546e-01 4.798708260059356689e-01 8.768559694290161133e-01 2.911271899938583374e-02 -8.766537308692932129e-01 4.805432856082916260e-01 -2.358842454850673676e-02 -3.467357531189918518e-02 -1.420237682759761810e-02 9.992977976799011230e-01 7.654218468815088272e-03 8.596028201282024384e-03 3.950587511062622070e-01 1.942345686256885529e-02 6.341708824038505554e-03 5.588188767433166504e-03
5.352084524929523468e-03 2.511264290660619736e-03 -1.575631499290466309e-01 4.801460504531860352e-01 8.767374753952026367e-01 2.812837064266204834e-02 -8.764855265617370605e-01 4.807980954647064209e-01 -2.462342754006385803e-02 -3.511234745383262634e-02 -1.283126883208751678e-02 9.993010163307189941e-01 1.310890913009643555e-02 5.981948692351579666e-03 4.167045950889587402e-01 4.694900289177894592e-02 1.530377659946680069e-02 8.973650634288787842e-03
6.131758447736501694e-03 1.970535377040505409e-03 -1.557363271713256836e-01 4.801844358444213867e-01 8.767610192298889160e-01 2.670344524085521698e-02 -8.764528036117553711e-01 4.807994961738586426e-01 -2.573626674711704254e-02 -3.540355712175369263e-02 -1.104615349322557449e-02 9.993120431900024414e-01 1.365563087165355682e-02 9.095308370888233185e-03 4.360568225383758545e-01 5.878647789359092712e-02 9.436599910259246826e-03 7.491289288736879826e-04
5.898671690374612808e-03 8.120888960547745228e-04 -1.542331576347351074e-01 4.797863364219665527e-01 8.770348429679870605e-01 2.479889430105686188e-02 -8.766908049583435059e-01 4.803394079208374023e-01 -2.621647343039512634e-02 -3.490464761853218079e-02 -9.162656962871551514e-03 9.993486404418945312e-01 1.594005525112152100e-02 8.379007689654827118e-03 4.600690901279449463e-01 5.918615683913230896e-02 -1.226715184748172760e-02 -1.647756062448024750e-02
5.676030181348323822e-03 8.592014783062040806e-04 -1.534694731235504150e-01 4.791917502880096436e-01 8.774293661117553711e-01 2.220284193754196167e-02 -8.770747184753417969e-01 4.796540141105651855e-01 -2.592211030423641205e-02 -3.339450433850288391e-02 -7.051890250295400620e-03 9.994173645973205566e-01 1.540449168533086777e-02 1.047118566930294037e-02 4.787510633468627930e-01 6.621105223894119263e-02 -4.730059951543807983e-02 -2.179905213415622711e-02
4.982333630323410034e-03 1.178781501948833466e-03 -1.522042602300643921e-01 4.785285294055938721e-01 8.778597712516784668e-01 1.930431835353374481e-02 -8.775112628936767578e-01 4.788929224014282227e-01 -2.521030977368354797e-02 -3.137581795454025269e-02 -4.875903949141502380e-03 9.994957447052001953e-01 1.646046526730060577e-02 1.126749720424413681e-02 4.983675777912139893e-01 7.144694030284881592e-02 -6.261922419071197510e-02 -2.634310536086559296e-02
7.440526969730854034e-03 6.659636856056749821e-04 -1.527339667081832886e-01 4.779084026813507080e-01 8.782530426979064941e-01 1.658680662512779236e-02 -8.779132366180419922e-01 4.781878888607025146e-01 -2.458995021879673004e-02 -2.952780947089195251e-02 -2.810033969581127167e-03 9.995599985122680664e-01 1.627621240913867950e-02 9.337728843092918396e-03 5.173079371452331543e-01 6.701187789440155029e-02 -5.876602977514266968e-02 -2.524426393210887909e-02
6.385645829141139984e-03 8.325655944645404816e-04 -1.513149142265319824e-01 4.773725867271423340e-01 8.785833716392517090e-01 1.437657605856657028e-02 -8.782472014427185059e-01 4.775879383087158203e-01 -2.432260103523731232e-02 -2.823551185429096222e-02 -1.015244866721332073e-03 9.996007680892944336e-01 2.053499035537242889e-02 1.576895266771316528e-02 5.389786362648010254e-01 5.950467288494110107e-02 -4.186368733644485474e-02 -2.035589329898357391e-02
4.038590006530284882e-03 1.200846047140657902e-03 -1.488797962665557861e-01 4.767704010009765625e-01 8.789396286010742188e-01 1.245611254125833511e-02 -8.786070942878723145e-01 4.769327342510223389e-01 -2.418209239840507507e-02 -2.719532698392868042e-02 5.852771573700010777e-04 9.996299743652343750e-01 1.924038119614124298e-02 1.657467707991600037e-02 5.504413843154907227e-01 5.174662917852401733e-02 -3.187853097915649414e-02 -2.010834775865077972e-02
4.929202608764171600e-03 1.246559084393084049e-03 -1.468188613653182983e-01 4.760506749153137207e-01 8.793587088584899902e-01 1.020048186182975769e-02 -8.790348768234252930e-01 4.761536419391632080e-01 -2.398695796728134155e-02 -2.595013566315174103e-02 2.452428219839930534e-03 9.996602535247802734e-01 1.740163005888462067e-02 1.906565949320793152e-02 5.706188082695007324e-01 6.370043754577636719e-02 -3.639746457338333130e-02 -2.649167738854885101e-02
4.953353665769100189e-03 -1.890383427962660789e-03 -1.463973671197891235e-01 4.752122163772583008e-01 8.798428177833557129e-01 7.069796323776245117e-03 -8.795443177223205566e-01 4.752393364906311035e-01 -2.343906834721565247e-02 -2.398254163563251495e-02 4.920332692563533783e-03 9.997002482414245605e-01 2.282970026135444641e-02 1.768350601196289062e-02 5.847330689430236816e-01 7.819285243749618530e-02 -6.256128102540969849e-02 -3.033803403377532959e-02
3.419968998059630394e-03 -4.597529477905482054e-04 -1.447117924690246582e-01 4.740945994853973389e-01 8.804668784141540527e-01 3.520373487845063210e-03 -8.802059292793273926e-01 4.740451574325561523e-01 -2.277521044015884399e-02 -2.172163501381874084e-02 7.698951289057731628e-03 9.997344017028808594e-01 2.433476410806179047e-02 2.004793286323547363e-02 5.980349183082580566e-01 8.964753150939941406e-02 -7.033594697713851929e-02 -4.036190360784530640e-02
4.192306194454431534e-03 1.168079557828605175e-03 -1.433685272932052612e-01 4.727286100387573242e-01 8.812080621719360352e-01 -6.011771984049119055e-05 -8.809863328933715820e-01 4.726081192493438721e-01 -2.246312610805034637e-02 -1.976627670228481293e-02 1.067192479968070984e-02 9.997476935386657715e-01 2.802308276295661926e-02 2.266366221010684967e-02 6.097514033317565918e-01 9.470062702894210815e-02 -6.711550056934356689e-02 -5.193347483873367310e-02
5.409041419625282288e-03 -1.333902939222753048e-03 -1.416994929313659668e-01 4.713351726531982422e-01 8.819463253021240234e-01 -3.715566126629710197e-03 -8.817684650421142578e-01 4.711453020572662354e-01 -2.250510081648826599e-02 -1.809772104024887085e-02 1.388371456414461136e-02 9.997398257255554199e-01 2.885270118713378906e-02 2.384703420102596283e-02 6.173120737075805664e-01 1.014013513922691345e-01 -5.449219048023223877e-02 -4.990200325846672058e-02
5.110432859510183334e-03 -2.691736677661538124e-03 -1.384115964174270630e-01 4.700265824794769287e-01 8.826221227645874023e-01 -7.296706084161996841e-03 -8.825013041496276855e-01 4.697772860527038574e-01 -2.237678319215774536e-02 -1.632241718471050262e-02 1.695703528821468353e-02 9.997229576110839844e-01 3.173357248306274414e-02 2.630933932960033417e-02 6.255988478660583496e-01 1.002484709024429321e-01 -5.645972490310668945e-02 -4.956211522221565247e-02
2.668323926627635956e-03 -1.735494122840464115e-03 -1.379919499158859253e-01 4.688021242618560791e-01 8.832395076751708984e-01 -1.060848589986562729e-02 -8.831906318664550781e-01 4.685168564319610596e-01 -2.159189805388450623e-02 -1.410056278109550476e-02 1.949164457619190216e-02 9.997105598449707031e-01 3.019317239522933960e-02 3.057385422289371490e-02 6.301919221878051758e-01 8.391553908586502075e-02 -6.970442831516265869e-02 -4.338881745934486389e-02
3.928399179130792618e-03 -9.300152305513620377e-04 -1.369109749794006348e-01 4.674943983554840088e-01 8.838915228843688965e-01 -1.359143201261758804e-02 -8.839170336723327637e-01 4.671917855739593506e-01 -2.055525407195091248e-02 -1.181880943477153778e-02 2.162316441535949707e-02 9.996963143348693848e-01 3.472298011183738708e-02 2.914682962000370026e-02 6.369272470474243164e-01 7.177687436342239380e-02 -7.469232380390167236e-02 -4.431155696511268616e-02
2.535185078158974648e-03 -2.703359816223382950e-03 -1.352643519639968872e-01 4.659395515918731689e-01 8.846645951271057129e-01 -1.639705151319503784e-02 -8.847646713256835938e-01 4.656315743923187256e-01 -1.945953629910945892e-02 -9.580178186297416687e-03 2.357450127601623535e-02 9.996761679649353027e-01 3.435956314206123352e-02 3.063890337944030762e-02 6.391822099685668945e-01 6.011973693966865540e-02 -7.085088640451431274e-02 -5.309260264039039612e-02
3.222839673981070518e-03 -1.224371837452054024e-03 -1.324435174465179443e-01 4.642094075679779053e-01 8.855129480361938477e-01 -1.940137892961502075e-02 -8.856934309005737305e-01 4.638949930667877197e-01 -1.866896823048591614e-02 -7.531411945819854736e-03 2.584998495876789093e-02 9.996374845504760742e-01 3.347747772932052612e-02 3.284928947687149048e-02 6.405053734779357910e-01 7.045539468526840210e-02 -6.353168934583663940e-02 -6.111870706081390381e-02
3.489556489512324333e-03 -3.838357515633106232e-03 -1.322997957468032837e-01 4.624130427837371826e-01 8.863676190376281738e-01 -2.294845506548881531e-02 -8.866474032402038574e-01 4.620878398418426514e-01 -1.819894462823867798e-02 -5.526753608137369156e-03 2.876261807978153229e-02 9.995709657669067383e-01 3.478055447340011597e-02 3.402305021882057190e-02 6.400309801101684570e-01 9.101120382547378540e-02 -6.547772884368896484e-02 -6.102842465043067932e-02
3.109727753326296806e-03 -3.760345047339797020e-03 -1.290738284587860107e-01 4.606376290321350098e-01 8.871846795082092285e-01 -2.676425315439701080e-02 -8.875803947448730469e-01 4.602965712547302246e-01 -1.811531186103820801e-02 -3.752133809030056000e-03 3.210002183914184570e-02 9.994776248931884766e-01 4.215338081121444702e-02 3.717475011944770813e-02 6.346464753150939941e-01 1.044538915157318115e-01 -5.975333601236343384e-02 -5.868724733591079712e-02
1.131769153289496899e-03 -3.055701032280921936e-03 -1.295171976089477539e-01 4.588755071163177490e-01 8.879772424697875977e-01 -3.049134276807308197e-02 -8.884980082511901855e-01 4.585213363170623779e-01 -1.815234497189521790e-02 -2.137938514351844788e-03 3.542116284370422363e-02 9.993701577186584473e-01 4.058015719056129456e-02 3.575371950864791870e-02 6.323091387748718262e-01 1.050355359911918640e-01 -5.450591817498207092e-02 -6.125554814934730530e-02
2.405914012342691422e-03 -4.050131421536207199e-03 -1.265503764152526855e-01 4.571651220321655273e-01 8.887379765510559082e-01 -3.383503854274749756e-02 -8.893814682960510254e-01 4.568005204200744629e-01 -1.827162131667137146e-02 -7.828199886716902256e-04 3.844540566205978394e-02 9.992603659629821777e-01 4.045183211565017700e-02 3.998469561338424683e-02 6.292497515678405762e-01 9.596389532089233398e-02 -4.544002935290336609e-02 -5.699787288904190063e-02
2.616124926134943962e-03 -3.164502093568444252e-03 -1.248274520039558411e-01 4.555119276046752930e-01 8.894733190536499023e-01 -3.668896108865737915e-02 -8.902295231819152832e-01 4.551475644111633301e-01 -1.822205632925033569e-02 4.908582777716219425e-04 4.096196219325065613e-02 9.991605877876281738e-01 4.117710515856742859e-02 3.851107507944107056e-02 6.240025758743286133e-01 8.103139698505401611e-02 -4.194395616650581360e-02 -5.802247300744056702e-02
1.677100546658039093e-03 -4.860006272792816162e-03 -1.225549429655075073e-01 4.539463520050048828e-01 8.901688456535339355e-01 -3.914234042167663574e-02 -8.910269141197204590e-01 4.536029994487762451e-01 -1.775969192385673523e-02 1.945957192219793797e-03 4.293882474303245544e-02 9.990758299827575684e-01 4.143527522683143616e-02 4.201957583427429199e-02 6.132934093475341797e-01 6.100825220346450806e-02 -4.945670440793037415e-02 -5.742640420794487000e-02
1.697116240393370390e-04 -5.793793126940727234e-03 -1.238574534654617310e-01 4.525203406810760498e-01 8.907951712608337402e-01 -4.134400933980941772e-02 -8.917469382286071777e-01 4.522159695625305176e-01 -1.697488687932491302e-02 3.575273789465427399e-03 4.454987496137619019e-02 9.990007877349853516e-01 4.697853326797485352e-02 3.912098333239555359e-02 6.035495996475219727e-01 4.872234165668487549e-02 -5.492526665329933167e-02 -5.035452544689178467e-02
2.264888258650898933e-03 -5.165684968233108521e-03 -1.217062845826148987e-01 4.512722790241241455e-01 8.913318514823913574e-01 -4.336898028850555420e-02 -8.923715949058532715e-01 4.510109424591064453e-01 -1.618945784866809845e-02 5.129705648869276047e-03 4.600710049271583557e-02 9.989279508590698242e-01 4.267689585685729980e-02 4.036624357104301453e-02 5.990064144134521484e-01 4.490863531827926636e-02 -5.351991578936576843e-02 -4.389056563377380371e-02
2.593639306724071503e-03 -5.147595424205064774e-03 -1.210734173655509949e-01 4.501794278621673584e-01 8.917902112007141113e-01 -4.526216536760330200e-02 -8.929146528244018555e-01 4.499562084674835205e-01 -1.558169722557067871e-02 6.470385473221540451e-03 4.742981120944023132e-02 9.988536238670349121e-01 4.582438990473747253e-02 4.045141488313674927e-02 5.867507457733154297e-01 4.662087559700012207e-02 -4.212032258510589600e-02 -3.566880896687507629e-02
5.548994522541761398e-04 -4.443942569196224213e-03 -1.185277625918388367e-01 4.491448700428009033e-01 8.922207355499267578e-01 -4.702179133892059326e-02 -8.934260010719299316e-01 4.489577114582061768e-01 -1.506400667130947113e-02 7.670376915484666824e-03 4.877641052007675171e-02 9.987802505493164062e-01 4.517613723874092102e-02 4.139718413352966309e-02 5.834612250328063965e-01 4.495815187692642212e-02 -3.995705768465995789e-02 -3.472056239843368530e-02
3.067234298214316368e-03 -3.221076913177967072e-03 -1.173993572592735291e-01 4.480785727500915527e-01 8.926671147346496582e-01 -4.869285970926284790e-02 -8.939517736434936523e-01 4.479226469993591309e-01 -1.468032598495483398e-02 8.705990388989448547e-03 5.010700970888137817e-02 9.987059235572814941e-01 4.516989365220069885e-02 3.874757885932922363e-02 5.716817975044250488e-01 3.925766050815582275e-02 -3.544336929917335510e-02 -3.733932971954345703e-02
1.862583914771676064e-03 -4.811596125364303589e-03 -1.156342253088951111e-01 4.469686448574066162e-01 8.931281566619873047e-01 -5.040920525789260864e-02 -8.944958448410034180e-01 4.468494057655334473e-01 -1.423969492316246033e-02 9.807450696825981140e-03 5.145552009344100952e-02 9.986271262168884277e-01 4.531547799706459045e-02 4.106671735644340515e-02 5.605847835540771484e-01 4.439741745591163635e-02 -3.664061799645423889e-02 -3.947122767567634583e-02
1.350004458799958229e-03 -4.839362110942602158e-03 -1.134747415781021118e-01 4.458656907081604004e-01 8.935798406600952148e-01 -5.214259400963783264e-02 -8.950325846672058105e-01 4.457892477512359619e-01 -1.373268198221921921e-02 1.097336038947105408e-02 5.279225111007690430e-02 9.985452294349670410e-01 4.600906744599342346e-02 4.160029813647270203e-02 5.580608248710632324e-01 4.168653860688209534e-02 -3.964389860630035400e-02 -3.564275428652763367e-02
3.051714273169636726e-03 -4.154480993747711182e-03 -1.141699329018592834e-01 4.447604417800903320e-01 8.940306901931762695e-01 -5.382615327835083008e-02 -8.955677151679992676e-01 4.447285532951354980e-01 -1.323000621050596237e-02 1.210999581962823868e-02 5.408914759755134583e-02 9.984626770019531250e-01 4.677471518516540527e-02 4.307753592729568481e-02 5.449489355087280273e-01 4.345432296395301819e-02 -3.633398935198783875e-02 -3.692999482154846191e-02
2.006759634241461754e-03 -5.090259946882724762e-03 -1.112622022628784180e-01 4.437063634395599365e-01 8.944586515426635742e-01 -5.539299547672271729e-02 -8.960737586021423340e-01 4.437254965305328369e-01 -1.262859627604484558e-02 1.328352745622396469e-02 5.523959919810295105e-02 9.983847737312316895e-01 4.535611346364021301e-02 4.053087159991264343e-02 5.370318293571472168e-01 3.899725526571273804e-02 -3.751439228653907776e-02 -3.606598451733589172e-02
2.459378680214285851e-03 -5.616791080683469772e-03 -1.105447635054588318e-01 4.427719712257385254e-01 8.948386311531066895e-01 -5.671723932027816772e-02 -8.965193033218383789e-01 4.428415596485137939e-01 -1.202249713242053986e-02 1.435855682939291000e-02 5.617132410407066345e-02 9.983178973197937012e-01 4.625049605965614319e-02 3.949155658483505249e-02 5.257862210273742676e-01 2.569456957280635834e-02 -3.647432103753089905e-02 -3.204534202814102173e-02
1.962660113349556923e-03 -5.288625601679086685e-03 -1.085634008049964905e-01 4.420280456542968750e-01 8.951406478881835938e-01 -5.774416774511337280e-02 -8.968720436096191406e-01 4.421401023864746094e-01 -1.151646859943866730e-02 1.522215362638235092e-02 5.687973275780677795e-02 9.982649683952331543e-01 4.961564764380455017e-02 4.304995760321617126e-02 5.197787284851074219e-01 2.207788452506065369e-02 -3.060570359230041504e-02 -2.330319024622440338e-02
2.329934155568480492e-03 -4.240055568516254425e-03 -1.075996160507202148e-01 4.413897693157196045e-01 8.954068422317504883e-01 -5.849512293934822083e-02 -8.971738219261169434e-01 4.415397047996520996e-01 -1.103802490979433060e-02 1.594439707696437836e-02 5.735236406326293945e-02 9.982266426086425781e-01 4.551823064684867859e-02 4.209608957171440125e-02 5.080579519271850586e-01 1.669707894325256348e-02 -2.385395579040050507e-02 -1.793261803686618805e-02
2.522018039599061012e-03 -3.875775029882788658e-03 -1.056048721075057983e-01 4.407563805580139160e-01 8.956831693649291992e-01 -5.903818458318710327e-02 -8.974724411964416504e-01 4.409458935260772705e-01 -1.048332918435335159e-02 1.664290204644203186e-02 5.760573968291282654e-02 9.982006549835205078e-01 4.920437559485435486e-02 3.800180926918983459e-02 5.011495351791381836e-01 7.789620198309421539e-03 -2.627702988684177399e-02 -2.136705256998538971e-02
2.374759875237941742e-03 -4.816941916942596436e-03 -1.058461889624595642e-01 4.401065707206726074e-01 8.959689140319824219e-01 -5.954701080918312073e-02 -8.977748155593872070e-01 4.403473734855651855e-01 -9.723925963044166565e-03 1.750903390347957611e-02 5.773936957120895386e-02 9.981781244277954102e-01 5.207833647727966309e-02 3.822185844182968140e-02 4.959458708763122559e-01 5.024565383791923523e-03 -2.885535359382629395e-02 -2.274661697447299957e-02
1.118905260227620602e-03 -3.551927395164966583e-03 -1.033188998699188232e-01 4.394672513008117676e-01 8.962422609329223633e-01 -6.015233322978019714e-02 -8.980650901794433594e-01 4.397763013839721680e-01 -8.712678216397762299e-03 1.864489912986755371e-02 5.784964561462402344e-02 9.981511831283569336e-01 5.003490298986434937e-02 3.512588515877723694e-02 4.877989888191223145e-01 4.996426869183778763e-03 -3.565673902630805969e-02 -2.426042035222053528e-02
3.141584107652306557e-03 -4.358510021120309830e-03 -1.021995693445205688e-01 4.389160275459289551e-01 8.964617848396301270e-01 -6.090122461318969727e-02 -8.983083963394165039e-01 4.392983317375183105e-01 -7.680957205593585968e-03 1.986812241375446320e-02 5.807937681674957275e-02 9.981142282485961914e-01 4.981773346662521362e-02 3.734522312879562378e-02 4.803761839866638184e-01 8.631417527794837952e-03 -3.902746737003326416e-02 -2.070165425539016724e-02
2.620363375172019005e-03 -3.111356403678655624e-03 -1.009314954280853271e-01 4.384671747684478760e-01 8.966298103332519531e-01 -6.165670976042747498e-02 -8.985013365745544434e-01 4.389190673828125000e-01 -6.737783551216125488e-03 2.102100849151611328e-02 5.835293233394622803e-02 9.980746507644653320e-01 5.085784196853637695e-02 3.463384136557579041e-02 4.721860289573669434e-01 8.240411989390850067e-03 -3.761617094278335571e-02 -1.473013311624526978e-02
3.574807895347476006e-03 -3.741328604519367218e-03 -1.022247001528739929e-01 4.380149245262145996e-01 8.968110680580139160e-01 -6.223178282380104065e-02 -8.986997604370117188e-01 4.385239481925964355e-01 -5.957510787993669510e-03 2.194736525416374207e-02 5.853716656565666199e-02 9.980439543724060059e-01 4.716112092137336731e-02 3.483635932207107544e-02 4.653882682323455811e-01 8.253764361143112183e-03 -3.151399269700050354e-02 -1.442886888980865479e-02
2.870669588446617126e-03 -3.318378701806068420e-03 -9.778721630573272705e-02 4.375412464141845703e-01 8.970291018486022949e-01 -6.242132931947708130e-02 -8.989166617393493652e-01 4.380863904953002930e-01 -5.396764725446701050e-03 2.250488102436065674e-02 5.847288295626640320e-02 9.980353116989135742e-01 5.365094915032386780e-02 3.820658847689628601e-02 4.605884850025177002e-01 -1.754136756062507629e-03 -1.752067729830741882e-02 -1.501257158815860748e-02
2.554340986534953117e-03 -3.239149227738380432e-03 -9.856174886226654053e-02 4.370082318782806396e-01 8.972786664962768555e-01 -6.256810575723648071e-02 -8.991578221321105957e-01 4.375999569892883301e-01 -4.639356397092342377e-03 2.321700379252433777e-02 5.828603729605674744e-02 9.980298876762390137e-01 4.803657531738281250e-02 3.119266591966152191e-02 4.533396661281585693e-01 -6.703362800180912018e-03 -2.258951775729656219e-02 -1.900774240493774414e-02
3.183130873367190361e-03 -3.555539529770612717e-03 -9.669402241706848145e-02 4.365697205066680908e-01 8.974725008010864258e-01 -6.284884363412857056e-02 -8.993464708328247070e-01 4.372208714485168457e-01 -3.718760563060641289e-03 2.414134144783020020e-02 5.814638361334800720e-02 9.980161190032958984e-01 5.098031461238861084e-02 3.222889825701713562e-02 4.478155672550201416e-01 -5.733639467507600784e-03 -2.906680107116699219e-02 -1.301421038806438446e-02
2.440273063257336617e-03 -3.835440147668123245e-03 -9.476222842931747437e-02 4.362114667892456055e-01 8.976180553436279297e-01 -6.325674057006835938e-02 -8.994891047477722168e-01 4.369352459907531738e-01 -2.631775569170713425e-03 2.527677081525325775e-02 5.804676190018653870e-02 9.979938268661499023e-01 5.078427121043205261e-02 2.775134146213531494e-02 4.440799951553344727e-01 -5.936542220297269523e-05 -3.638110682368278503e-02 -8.138817735016345978e-03
2.583870664238929749e-03 -4.006654955446720123e-03 -9.466399252414703369e-02 4.357954859733581543e-01 8.978077173233032227e-01 -6.343179941177368164e-02 -8.996627926826477051e-01 4.365825057029724121e-01 -1.605500350706279278e-03 2.625178359448909760e-02 5.776689946651458740e-02 9.979848861694335938e-01 5.166240409016609192e-02 3.123826161026954651e-02 4.403690099716186523e-01 -9.158506058156490326e-03 -3.288172930479049683e-02 -1.315442752093076706e-02
2.830210607498884201e-03 -3.434301586821675301e-03 -9.317581355571746826e-02 4.353718459606170654e-01 8.980175256729125977e-01 -6.337105482816696167e-02 -8.998482227325439453e-01 4.362024068832397461e-01 -8.075226214714348316e-04 2.691743895411491394e-02 5.737590417265892029e-02 9.979897141456604004e-01 5.033692717552185059e-02 3.014305606484413147e-02 4.352119863033294678e-01 -1.336275693029165268e-02 -2.284501492977142334e-02 -1.276513282209634781e-02
3.736831480637192726e-03 -3.266149200499057770e-03 -9.180068224668502808e-02 4.350115656852722168e-01 8.981972932815551758e-01 -6.329781562089920044e-02 -9.000069499015808105e-01 4.358754754066467285e-01 -1.781098981155082583e-04 2.742998674511909485e-02 5.704595148563385010e-02 9.979946613311767578e-01 4.992301017045974731e-02 2.593308314681053162e-02 4.324483275413513184e-01 -9.012484923005104065e-03 -1.714261062443256378e-02 -1.054267585277557373e-02
3.210925497114658356e-03 -4.019212909042835236e-03 -9.132440388202667236e-02 4.347084760665893555e-01 8.983417153358459473e-01 -6.333026289939880371e-02 -9.001324772834777832e-01 4.356158673763275146e-01 5.790438153780996799e-04 2.810784615576267242e-02 5.675391107797622681e-02 9.979924559593200684e-01 4.790316149592399597e-02 2.586964331567287445e-02 4.258540868759155273e-01 -9.225887246429920197e-03 -2.222782187163829803e-02 -9.913166053593158722e-03
2.860805252566933632e-03 -3.349649021402001381e-03 -8.862139284610748291e-02 4.345090687274932861e-01 8.984324932098388672e-01 -6.341049075126647949e-02 -9.002036452293395996e-01 4.354667663574218750e-01 1.432774122804403305e-03 2.890041097998619080e-02 5.645980313420295715e-02 9.979864954948425293e-01 5.028244107961654663e-02 2.570009976625442505e-02 4.259903430938720703e-01 -1.104036811739206314e-02 -2.551443688571453094e-02 -6.131838541477918625e-03
2.882516244426369667e-03 -3.838320961222052574e-03 -8.918044716119766235e-02 4.343050122261047363e-01 8.985247015953063965e-01 -6.350212544202804565e-02 -9.002730250358581543e-01 4.353191554546356201e-01 2.392130205407738686e-03 2.979307807981967926e-02 5.613033473491668701e-02 9.979788661003112793e-01 4.929854720830917358e-02 2.281884849071502686e-02 4.180473983287811279e-01 -8.700708858668804169e-03 -3.007124550640583038e-02 -2.904851920902729034e-03
1.756911980919539928e-03 -3.281516488641500473e-03 -8.915231376886367798e-02 4.339682161808013916e-01 8.987023830413818359e-01 -6.329020112752914429e-02 -9.004127979278564453e-01 4.350243210792541504e-01 3.268131054937839508e-03 3.046985343098640442e-02 5.556904152035713196e-02 9.979898333549499512e-01 5.104766041040420532e-02 2.142407000064849854e-02 4.142505824565887451e-01 -1.760819554328918457e-02 -2.125513739883899689e-02 -1.125034596771001816e-02
4.318172112107276917e-03 -2.694517141208052635e-03 -8.610635995864868164e-02 4.336527287960052490e-01 8.988788723945617676e-01 -6.294506788253784180e-02 -9.005498290061950684e-01 4.347349703311920166e-01 3.943226765841245651e-03 3.090890496969223022e-02 5.497517436742782593e-02 9.980092048645019531e-01 4.775734245777130127e-02 2.319122850894927979e-02 4.113935232162475586e-01 -1.825169846415519714e-02 -1.282130274921655655e-02 -8.867073804140090942e-03
2.637765603139996529e-03 -2.326008398085832596e-03 -8.665012568235397339e-02 4.334163069725036621e-01 8.990027904510498047e-01 -6.280331313610076904e-02 -9.006397128105163574e-01 4.345401227474212646e-01 4.790313541889190674e-03 3.159706294536590576e-02 5.448696017265319824e-02 9.980144500732421875e-01 4.887676984071731567e-02 1.990932226181030273e-02 4.103121757507324219e-01 -1.624952070415019989e-02 -2.014767564833164215e-02 -8.045468479394912720e-03
